/*--------------------------------*- C++ -*----------------------------------*\
| =========                 |                                                 |
| \\      /  F ield         | OpenFOAM: The Open Source CFD Toolbox           |
|  \\    /   O peration     | Version:  v2012                                 |
|   \\  /    A nd           | Website:  www.openfoam.com                      |
|    \\/     M anipulation  |                                                 |
\*---------------------------------------------------------------------------*/
FoamFile
{
    version     2.0;
    format      ascii;
    class       volScalarField;
    location    "10.7";
    object      p;
}
// * * * * * * * * * * * * * * * * * * * * * * * * * * * * * * * * * * * * * //

dimensions      [0 2 -2 0 0 0 0];


internalField   nonuniform List<scalar> 
9600
(
2.41394e-12
0.00322269
0.00715269
0.00143574
-0.00205172
0.00402001
0.00476316
0.00490749
0.0081955
0.00854354
0.00847218
0.0101906
0.0105508
0.0125451
0.0125689
0.0135268
0.0138111
0.0163345
0.0186446
0.0231398
2.84031e-06
0.00322354
0.00714232
0.00144772
-0.00203539
0.00400733
0.004749
0.00489755
0.00819621
0.0085565
0.00848168
0.0101876
0.0105476
0.0125342
0.0125769
0.0135125
0.0138551
0.0162951
0.0186694
0.022693
6.88203e-06
0.00323105
0.00712983
0.00146561
-0.00201641
0.00398791
0.00472527
0.00490285
0.00820192
0.0085858
0.00849614
0.0101709
0.0105491
0.0125138
0.012589
0.0134926
0.0138889
0.0162476
0.0186621
0.0222043
1.49072e-05
0.00325417
0.00710497
0.00149282
-0.0019798
0.0039713
0.00470285
0.00493459
0.00820795
0.00862918
0.00851873
0.0101453
0.010557
0.012485
0.0126022
0.0134668
0.0139201
0.0161936
0.0186244
0.0217402
3.12121e-05
0.00328868
0.00706027
0.00152941
-0.00191662
0.00395855
0.00468404
0.00498676
0.00821614
0.0086847
0.00854942
0.0101155
0.0105696
0.0124517
0.0126161
0.0134351
0.0139512
0.0161324
0.0185622
0.0213028
5.80354e-05
0.00332647
0.00699418
0.00157564
-0.00182277
0.00395021
0.00466897
0.00505435
0.00823114
0.00874879
0.008587
0.0100852
0.0105862
0.0124182
0.012631
0.0134026
0.0139811
0.0160637
0.0184781
0.0208845
9.54328e-05
0.00336218
0.00690315
0.00163071
-0.00170127
0.00394672
0.00465869
0.00513378
0.00825603
0.0088177
0.00862998
0.0100561
0.0106066
0.0123863
0.0126464
0.0133684
0.0140076
0.0159899
0.0183724
0.0204809
0.000141834
0.00339387
0.00681033
0.00169337
-0.00155874
0.00394759
0.00465227
0.00522049
0.00829042
0.00888757
0.00867645
0.0100287
0.0106303
0.0123566
0.0126619
0.0133328
0.014029
0.0159135
0.0182448
0.020091
0.000194935
0.00342196
0.00671598
0.00176267
-0.00140158
0.00395087
0.00464634
0.00530936
0.00833082
0.00895453
0.00872401
0.0100025
0.0106567
0.0123294
0.012677
0.0132964
0.0140442
0.0158354
0.0180961
0.0197153
0.000252633
0.00344788
0.00662445
0.00183836
-0.001234
0.00395001
0.00463794
0.00539585
0.00837226
0.00901507
0.00877032
0.0099773
0.010685
0.0123045
0.0126909
0.0132601
0.0140522
0.0157584
0.0179293
0.0193548
0.000313561
0.00347315
0.00653735
0.00192
-0.00105777
0.00394521
0.00462655
0.0054768
0.00841022
0.00906652
0.00881362
0.00995293
0.0107141
0.0122822
0.012703
0.0132248
0.0140524
0.0156817
0.0177493
0.0190102
0.000377107
0.00349879
0.00645456
0.00200641
-0.000873591
0.00393832
0.00461405
0.0055509
0.00844207
0.00910745
0.00885287
0.00992951
0.0107431
0.0122626
0.0127128
0.0131908
0.0140448
0.0156056
0.0175608
0.0186809
0.000443129
0.00352526
0.00637482
0.00209598
-0.000682057
0.0039319
0.00460333
0.00561845
0.00846624
0.00913779
0.00888773
0.00990745
0.010771
0.0122457
0.0127197
0.0131581
0.0140296
0.0155293
0.0173671
0.0183658
0.00051164
0.00355253
0.00629691
0.00218736
-0.000484056
0.00392821
0.00459687
0.00568094
0.00848528
0.00915863
0.00891841
0.00988726
0.0107972
0.0122315
0.0127236
0.0131263
0.0140066
0.015451
0.017171
0.0180638
0.000582637
0.00358044
0.00622018
0.00227988
-0.000280792
0.00392839
0.00459588
0.00573993
0.00850135
0.00917169
0.00894526
0.00986949
0.0108211
0.0122198
0.0127242
0.0130942
0.013976
0.0153686
0.0169734
0.0177734
0.000656084
0.0036088
0.00614453
0.00237326
-7.33991e-05
0.00393269
0.00460016
0.00579633
0.00851638
0.00917909
0.0089685
0.00985458
0.0108424
0.0122106
0.0127214
0.0130605
0.0139384
0.0152808
0.0167746
0.0174926
0.000731946
0.00363763
0.00607018
0.00246733
0.000137092
0.00394082
0.00460873
0.00585054
0.00853221
0.00918295
0.00898829
0.00984282
0.0108609
0.0122033
0.0127153
0.0130237
0.0138941
0.0151871
0.0165739
0.0172192
0.000810214
0.00366697
0.00599752
0.00256199
0.00034979
0.00395228
0.00462072
0.00590286
0.00855007
0.00918505
0.00900453
0.00983442
0.0108768
0.0121971
0.0127068
0.0129829
0.013843
0.0150878
0.0163705
0.0169511
0.000890904
0.00369679
0.005927
0.00265718
0.000564128
0.00396691
0.00463557
0.00595347
0.00857052
0.00918682
0.00901701
0.00982929
0.0108904
0.0121908
0.0126964
0.0129374
0.0137844
0.0149838
0.0161641
0.0166866
0.000974064
0.00372703
0.00585913
0.00275286
0.000779679
0.00398485
0.00465292
0.00600247
0.00859364
0.00918948
0.00902558
0.00982704
0.0109024
0.0121836
0.0126847
0.012887
0.0137181
0.0148764
0.0159557
0.0164247
0.00105977
0.00375764
0.00579441
0.00284902
0.000995973
0.00400642
0.00467257
0.00605002
0.00861927
0.00919404
0.00903035
0.00982698
0.0109134
0.0121745
0.0126717
0.0128318
0.0136434
0.0147661
0.0157465
0.016165
0.00114812
0.00378852
0.00573333
0.00294573
0.00121248
0.00403193
0.00469447
0.00609636
0.00864709
0.00920125
0.00903159
0.00982835
0.0109241
0.0121631
0.012657
0.0127725
0.0135593
0.0146533
0.0155377
0.0159068
0.00123926
0.00381957
0.00567632
0.00304318
0.00142868
0.00406167
0.00471867
0.00614179
0.00867661
0.00921146
0.00902972
0.00983049
0.0109354
0.0121486
0.0126401
0.0127097
0.0134651
0.0145385
0.0153314
0.0156476
0.00133332
0.00385067
0.00562379
0.00314159
0.00164405
0.00409585
0.00474521
0.00618657
0.00870728
0.00922486
0.0090253
0.00983267
0.0109476
0.0121308
0.0126199
0.0126443
0.0133605
0.0144205
0.0151311
0.0153847
0.00143047
0.00388173
0.005576
0.0032412
0.00185813
0.00413472
0.00477409
0.00623086
0.00873822
0.00924164
0.00901885
0.00983401
0.0109609
0.0121095
0.0125958
0.0125773
0.0132454
0.0142996
0.0149415
0.0151193
0.00153088
0.00391272
0.00553309
0.00334221
0.00207044
0.00417855
0.00480545
0.00627468
0.00876986
0.00926189
0.0090109
0.00983368
0.0109755
0.0120848
0.0125666
0.0125103
0.0131202
0.0141711
0.0147651
0.0148592
0.00163471
0.00394358
0.00549518
0.00344493
0.00228043
0.00422753
0.00483949
0.00631797
0.00880327
0.00928576
0.0090021
0.00983096
0.0109915
0.0120571
0.0125306
0.0124442
0.0129878
0.0140305
0.0145993
0.0146138
0.00174214
0.00397427
0.00546232
0.00354978
0.00248766
0.00428165
0.00487645
0.00636083
0.00883717
0.00931327
0.00899296
0.00982508
0.0110087
0.0120277
0.0124865
0.0123784
0.0128528
0.0138764
0.0144371
0.0143863
0.00185332
0.0040049
0.00543438
0.00365711
0.00269197
0.00434086
0.00491668
0.00640339
0.00887101
0.00934441
0.00898399
0.00981504
0.0110266
0.0119981
0.0124337
0.0123117
0.0127182
0.0137124
0.0142723
0.0141744
0.00196837
0.00403573
0.00541112
0.0037671
0.0028934
0.00440504
0.00496055
0.00644569
0.00890423
0.00937922
0.00897598
0.00980003
0.011044
0.0119692
0.0123727
0.0122433
0.0125848
0.0135411
0.0141048
0.0139744
0.00208739
0.00406703
0.00539236
0.00387992
0.00309211
0.00447385
0.00500828
0.00648798
0.00893632
0.00941748
0.0089698
0.0097798
0.0110597
0.0119417
0.0123041
0.0121721
0.0124529
0.0133638
0.013936
0.0137859
0.00221039
0.00409916
0.00537792
0.00399564
0.00328828
0.00454695
0.00506012
0.00653095
0.00896679
0.00945862
0.0089663
0.00975425
0.0110724
0.0119159
0.0122284
0.0120972
0.0123254
0.0131816
0.0137638
0.01361
0.00233742
0.00413256
0.00536757
0.00411419
0.00348222
0.0046241
0.00511602
0.00657509
0.00899531
0.00950184
0.00896628
0.00972348
0.0110803
0.0118925
0.0121464
0.012017
0.0122051
0.0129984
0.0135841
0.0134443
0.00246846
0.00416779
0.00536093
0.00423533
0.00367457
0.00470494
0.00517549
0.00662089
0.00902223
0.00954642
0.00896988
0.00968781
0.0110823
0.0118716
0.0120595
0.0119294
0.0120923
0.0128206
0.0133962
0.0132827
0.00260342
0.00420537
0.00535665
0.00435864
0.00386587
0.00478949
0.00523812
0.00666863
0.00904807
0.00959188
0.00897669
0.00964726
0.0110774
0.0118532
0.0119692
0.0118331
0.0119848
0.0126523
0.0132041
0.0131194
0.00274226
0.00424573
0.00535183
0.00448362
0.00405626
0.00487818
0.00530349
0.00671828
0.00907314
0.00963808
0.00898632
0.00960165
0.011065
0.0118377
0.0118778
0.011728
0.0118802
0.0124959
0.0130131
0.0129505
0.00288505
0.00428937
0.0053556
0.00460981
0.00424565
0.00497163
0.00537118
0.00676932
0.00909784
0.00968501
0.00899871
0.0095507
0.0110438
0.0118249
0.0117877
0.0116135
0.0117764
0.0123529
0.0128285
0.0127748
0.00303172
0.00433658
0.0053647
0.00473696
0.00443373
0.00507069
0.00544097
0.0068206
0.00912223
0.00973351
0.00901442
0.00949392
0.0110116
0.0118148
0.0117022
0.0114894
0.0116697
0.012224
0.0126569
0.0125948
0.00318229
0.00438733
0.00538009
0.00486517
0.00461983
0.00517656
0.0055131
0.0068705
0.00914573
0.00978466
0.00903444
0.00943084
0.0109661
0.0118065
0.0116253
0.0113569
0.0115549
0.0121075
0.012506
0.0124196
0.00333688
0.00444159
0.00540179
0.00499495
0.00480294
0.00528957
0.00558851
0.00691844
0.00916748
0.00983823
0.00906048
0.00936243
0.010904
0.0117972
0.0115616
0.0112201
0.0114267
0.0119978
0.0123794
0.0122637
0.0034955
0.00449947
0.00542953
0.00512719
0.00498183
0.00540919
0.00566901
0.00696432
0.00918582
0.00989314
0.00909512
0.00929139
0.0108227
0.0117824
0.0115144
0.0110856
0.0112827
0.0118855
0.012273
0.0121387
0.00365819
0.00456113
0.00546313
0.00526296
0.00515611
0.00553438
0.00575678
0.00700808
0.00919817
0.00994825
0.00914044
0.00922126
0.010721
0.0117559
0.0114846
0.0109615
0.0111237
0.0117631
0.0121789
0.0120467
0.00382497
0.00462728
0.00550144
0.00540341
0.00532695
0.00566254
0.00585348
0.00705088
0.0092022
0.0100016
0.00919725
0.00915635
0.0105997
0.0117119
0.0114707
0.0108567
0.0109529
0.0116255
0.0120908
0.0119816
0.00399577
0.00469886
0.00554276
0.00554902
0.00549654
0.00579049
0.00595903
0.00709538
0.00919685
0.0100498
0.00926511
0.00910197
0.0104618
0.0116454
0.0114683
0.0107791
0.0107773
0.0114666
0.0120041
0.0119364
0.00417033
0.00477706
0.00558548
0.00569924
0.0056678
0.0059162
0.00607233
0.0071447
0.00918193
0.0100883
0.00934251
0.00906338
0.0103133
0.0115546
0.0114691
0.0107319
0.0106099
0.0112817
0.0119099
0.0119078
0.00434823
0.00486332
0.00562868
0.00585253
0.00584421
0.00603869
0.00619107
0.0072015
0.00915841
0.0101126
0.00942614
0.00904434
0.010162
0.0114407
0.0114652
0.0107127
0.0104651
0.0110744
0.0117935
0.0118913
0.00452886
0.00495916
0.00567236
0.00600596
0.00602893
0.00615889
0.0063104
0.00726715
0.00913095
0.0101208
0.00951032
0.00904602
0.0100163
0.0113074
0.0114512
0.0107147
0.0103512
0.0108605
0.0116423
0.0118753
0.00471155
0.00506577
0.00571724
0.00615546
0.00622373
0.00627997
0.00642362
0.0073406
0.00910753
0.0101146
0.00958828
0.00906668
0.00988352
0.0111589
0.0114231
0.0107303
0.0102683
0.010656
0.011456
0.0118417
0.00489559
0.00518398
0.00576502
0.00629685
0.00642782
0.00640638
0.00652656
0.0074194
0.00909499
0.0100979
0.00965541
0.0091022
0.00976816
0.0110005
0.0113785
0.010755
0.0102149
0.0104728
0.0112447
0.0117732
0.00508023
0.00531445
0.00581815
0.00642642
0.00663817
0.00654453
0.00661958
0.00749573
0.00909484
0.0100799
0.00971159
0.00914611
0.00967151
0.0108382
0.0113155
0.0107841
0.0101899
0.0103187
0.0110222
0.0116612
0.00526457
0.00545758
0.00588005
0.00654124
0.00685001
0.00670037
0.00670498
0.00756058
0.00910521
0.0100704
0.00976039
0.00919298
0.00959256
0.0106777
0.0112353
0.0108104
0.0101883
0.0101712
0.0108024
0.011509
0.00544781
0.00561268
0.00595467
0.0066406
0.00705777
0.0068773
0.00678798
0.00760705
0.0091186
0.0100733
0.00980991
0.00924263
0.00952812
0.0105217
0.0111415
0.0108307
0.0102086
0.010087
0.010603
0.0113293
0.00562978
0.00577922
0.00604454
0.00672438
0.00725323
0.00707549
0.00688136
0.00763541
0.00912261
0.0100875
0.0098686
0.0092979
0.00947606
0.0103703
0.0110349
0.0108431
0.0102449
0.0100339
0.0104324
0.0111379
0.00581003
0.00595623
0.00615381
0.00679598
0.00742619
0.00728796
0.00699598
0.00764886
0.00910667
0.0101097
0.0099445
0.0093653
0.00943858
0.0102252
0.010915
0.0108448
0.0102934
0.0100092
0.0102954
0.0109509
0.00598944
0.00613967
0.00628229
0.00686216
0.00757482
0.00750943
0.0071379
0.00765371
0.0090609
0.0101282
0.0100397
0.00945191
0.0094187
0.0100901
0.0107838
0.0108316
0.0103507
0.0100121
0.0101928
0.0107807
0.00616772
0.00632914
0.00642955
0.00692679
0.00769558
0.00773192
0.00731439
0.00766801
0.00898706
0.010124
0.0101483
0.00956262
0.00941878
0.0099672
0.0106443
0.0107985
0.01041
0.0100418
0.010124
0.0106347
0.00634637
0.00651514
0.00659613
0.00699505
0.00778487
0.00793874
0.0075212
0.00771506
0.00889754
0.0100865
0.0102569
0.00970028
0.00944723
0.00986146
0.0105013
0.0107446
0.0104616
0.0100945
0.0100876
0.0105169
0.00652996
0.00671424
0.00677921
0.00706995
0.00783372
0.00811493
0.00775143
0.00780632
0.0088145
0.0100139
0.0103464
0.00986017
0.00951273
0.00978232
0.0103597
0.0106711
0.010498
0.0101619
0.0100909
0.0104327
0.00671469
0.00689558
0.00697291
0.00716399
0.007868
0.00826034
0.00799464
0.00794297
0.00875611
0.00991119
0.0103964
0.0100261
0.00961483
0.00973928
0.0102275
0.0105799
0.0105147
0.0102324
0.0101243
0.0103857
0.00690161
0.00708354
0.00716653
0.00727876
0.00789867
0.00837411
0.00822948
0.00811407
0.00873241
0.00979215
0.0104015
0.010181
0.00974864
0.00973878
0.0101177
0.0104772
0.0105093
0.0102977
0.0101786
0.0103754
0.0070887
0.00726152
0.00736193
0.00742066
0.00793645
0.00845415
0.00843638
0.00830561
0.00875253
0.00968524
0.0103683
0.0103109
0.00990565
0.00978238
0.0100431
0.0103744
0.0104814
0.0103513
0.0102458
0.0104113
0.00727308
0.00743295
0.00755449
0.00758342
0.00799334
0.00851342
0.0086153
0.00850843
0.00881694
0.00960341
0.0103043
0.0103994
0.0100679
0.00986466
0.0100076
0.0102854
0.010436
0.010388
0.0103136
0.010453
0.00745588
0.00759187
0.0077426
0.00776374
0.00806801
0.00856053
0.00876613
0.0087106
0.00891762
0.00955683
0.0102306
0.0104483
0.0102206
0.0099802
0.0100137
0.0102217
0.0103849
0.0104072
0.0103773
0.0105075
0.00764464
0.00776912
0.0079136
0.00793134
0.00815658
0.00860482
0.0088907
0.00890328
0.00904661
0.00955131
0.0101672
0.0104661
0.0103487
0.010116
0.0100623
0.0101915
0.0103405
0.0104107
0.0104336
0.0105708
0.00783069
0.00793402
0.00807537
0.008098
0.00826291
0.00865673
0.00899523
0.00908036
0.00919424
0.00958637
0.0101246
0.0104645
0.0104484
0.0102541
0.0101474
0.0102003
0.010315
0.0104064
0.010479
0.0106374
0.00800994
0.0080958
0.0082299
0.00826599
0.00839026
0.00872194
0.00908082
0.00923271
0.00934531
0.00965386
0.0101107
0.0104596
0.0105264
0.0103855
0.0102566
0.0102482
0.0103193
0.0104078
0.0105141
0.0107023
0.00818264
0.00825043
0.00838131
0.00842987
0.0085246
0.00879672
0.00915539
0.00936466
0.00949734
0.00974948
0.0101307
0.0104642
0.0105894
0.0105085
0.0103782
0.0103273
0.0103578
0.0104295
0.0105482
0.0107618
0.0083507
0.00840957
0.00852467
0.00857826
0.00865799
0.00888203
0.00922758
0.00947916
0.00964397
0.00986446
0.0101827
0.0104906
0.0106497
0.0106256
0.0105112
0.0104308
0.0104281
0.0104793
0.0105935
0.0108201
0.00850896
0.00855973
0.00866244
0.00871898
0.0087927
0.00898105
0.00930358
0.00957968
0.00977839
0.00998784
0.0102584
0.0105399
0.0107195
0.0107425
0.0106588
0.0105639
0.0105311
0.0105611
0.010661
0.0108862
0.0086544
0.00869603
0.00879517
0.00885378
0.00892504
0.0090864
0.00938252
0.00967104
0.00990465
0.0101205
0.0103581
0.0106112
0.0108007
0.0108594
0.0108137
0.0107266
0.0106711
0.0106808
0.0107634
0.0109759
0.00879259
0.00883418
0.00891763
0.00897181
0.00904683
0.00919503
0.00946606
0.00975269
0.0100146
0.0102541
0.010485
0.0107208
0.0109129
0.0109959
0.0109829
0.0109183
0.0108505
0.0108369
0.0108992
0.0110873
0.00891567
0.00895729
0.00903221
0.00907744
0.00915358
0.00930294
0.00956271
0.00984272
0.0101114
0.0103639
0.0106075
0.0108549
0.0110662
0.0111831
0.0112024
0.0111698
0.0111118
0.01108
0.0111228
0.0112864
0.0090189
0.00906289
0.00914053
0.00917989
0.00925029
0.00939457
0.00964969
0.00993633
0.0102151
0.0104647
0.0107046
0.0109597
0.0112017
0.0113681
0.0114339
0.0114415
0.011417
0.0113856
0.0114078
0.0115466
0.00911154
0.00915857
0.00924126
0.00927477
0.00935001
0.00948575
0.00972192
0.010007
0.0103219
0.0106348
0.010927
0.0112065
0.011469
0.0116736
0.0117878
0.0118496
0.0118731
0.0118448
0.0118121
0.0118437
0.00916219
0.00921026
0.00928096
0.00933646
0.00944377
0.00960247
0.00980603
0.00998842
0.0101869
0.0104517
0.0108428
0.0112829
0.0116573
0.011947
0.0121657
0.012367
0.0126306
0.0129589
0.0133152
0.0136351
0.00926349
0.00929349
0.00937116
0.00938425
0.00948295
0.00970083
0.00998665
0.0102679
0.0105683
0.0108657
0.0111653
0.011485
0.0117857
0.0120763
0.0123634
0.0126351
0.012904
0.0131723
0.0134136
0.0135753
0.00916346
0.00919804
0.00937998
0.00956583
0.00974717
0.00992421
0.0101441
0.0103792
0.0106077
0.0108468
0.0111179
0.0114297
0.0117575
0.0120793
0.0124305
0.0128062
0.0132386
0.0137004
0.014109
0.0143644
0.00937933
0.00944793
0.0095895
0.00968787
0.00981533
0.00998479
0.0102157
0.0104758
0.0107568
0.011084
0.0114234
0.0117539
0.0120769
0.0123414
0.0125438
0.0126482
0.0126126
0.0124785
0.012307
0.0121975
0.0092332
0.00928025
0.00952873
0.00977346
0.00998215
0.0101515
0.0103491
0.0105813
0.0108156
0.011063
0.0113508
0.011652
0.0119962
0.0123428
0.0126819
0.0130503
0.0134515
0.0138544
0.0141951
0.0144061
0.0093658
0.0094311
0.00970867
0.00993945
0.0101253
0.0102647
0.0104354
0.0106518
0.0108867
0.0111596
0.0115046
0.0118507
0.0121924
0.01254
0.0128682
0.0131848
0.0134639
0.013689
0.0138483
0.0139008
0.02666
0.0210061
0.0125811
0.00649827
0.00529171
0.00687392
0.00864492
0.00981507
0.0105137
0.0109819
0.0113674
0.011798
0.0123274
0.012815
0.0131243
0.0133772
0.0137337
0.0141305
0.01444
0.0146711
0.01495
0.0153628
0.0158196
0.0161697
0.0164281
0.0167633
0.0172398
0.0177153
0.0180664
0.018398
0.0188424
0.0193104
0.0197055
0.0200885
0.0205048
0.0209254
0.0213731
0.0218878
0.0224294
0.0229481
0.0234669
0.0240024
0.0245271
0.0250217
0.0254748
0.0259253
0.0264151
0.0269476
0.0274778
0.0280178
0.0286028
0.0292224
0.0298145
0.0303851
0.0310126
0.0316742
0.0323233
0.0329789
0.0336425
0.0342651
0.0348811
0.0355189
0.0362225
0.036974
0.03774
0.0385205
0.0393183
0.0400686
0.0408211
0.0415958
0.0423842
0.0432087
0.0440674
0.0449277
0.0457771
0.0466556
0.0475489
0.0484916
0.0494357
0.0504148
0.0513874
0.0523887
0.0534293
0.0544861
0.0555654
0.056658
0.057789
0.0589475
0.060114
0.0613052
0.062452
0.0636723
0.064906
0.0661573
0.0674198
0.0686599
0.0698882
0.0710274
0.0720867
0.0730325
0.0258734
0.0208322
0.0126625
0.00664623
0.0053813
0.00691658
0.00867081
0.0098329
0.0105271
0.0109926
0.0113759
0.011805
0.0123336
0.0128209
0.0131295
0.0133816
0.0137375
0.0141341
0.0144434
0.014674
0.0149524
0.015365
0.0158219
0.0161718
0.0164299
0.0167648
0.0172412
0.0177167
0.0180677
0.018399
0.0188433
0.0193114
0.0197065
0.0200893
0.0205056
0.0209261
0.0213738
0.0218885
0.0224301
0.0229487
0.0234675
0.024003
0.0245278
0.0250223
0.0254754
0.0259259
0.0264157
0.0269481
0.0274783
0.0280183
0.0286032
0.0292229
0.029815
0.0303855
0.0310129
0.0316746
0.0323236
0.0329793
0.0336429
0.0342654
0.0348814
0.0355192
0.0362228
0.0369743
0.0377403
0.0385207
0.0393185
0.0400688
0.0408213
0.041596
0.0423844
0.0432089
0.0440675
0.0449279
0.0457773
0.0466558
0.047549
0.0484918
0.0494359
0.050415
0.0513876
0.0523888
0.0534294
0.0544862
0.0555655
0.0566581
0.0577892
0.0589476
0.0601141
0.0613053
0.0624521
0.0636724
0.0649061
0.0661574
0.0674199
0.06866
0.0698882
0.0710275
0.0720867
0.0730324
0.0251251
0.0206541
0.0128356
0.00692223
0.00553732
0.00697503
0.00869895
0.00985282
0.0105427
0.0110056
0.0113867
0.0118134
0.0123402
0.0128266
0.0131347
0.0133862
0.0137415
0.0141377
0.0144465
0.0146768
0.0149547
0.0153671
0.015824
0.0161738
0.0164315
0.0167662
0.0172425
0.0177181
0.0180689
0.0183999
0.0188442
0.0193124
0.0197073
0.0200901
0.0205064
0.0209268
0.0213744
0.0218891
0.0224307
0.0229493
0.0234681
0.0240036
0.0245283
0.0250229
0.0254759
0.0259264
0.0264161
0.0269486
0.0274788
0.0280187
0.0286036
0.0292233
0.0298154
0.0303859
0.0310133
0.0316749
0.0323239
0.0329796
0.0336432
0.0342657
0.0348817
0.0355194
0.036223
0.0369745
0.0377405
0.0385209
0.0393187
0.0400691
0.0408215
0.0415962
0.0423845
0.043209
0.0440677
0.044928
0.0457774
0.0466559
0.0475491
0.0484919
0.049436
0.0504151
0.0513877
0.052389
0.0534295
0.0544863
0.0555656
0.0566582
0.0577893
0.0589477
0.0601142
0.0613054
0.0624522
0.0636725
0.0649061
0.0661575
0.06742
0.06866
0.0698883
0.0710275
0.0720867
0.0730325
0.0244146
0.0204727
0.0130592
0.00727552
0.00575481
0.00706021
0.00874102
0.00988263
0.0105655
0.0110244
0.0114031
0.0118261
0.0123486
0.0128326
0.0131406
0.0133925
0.0137473
0.0141422
0.0144504
0.0146804
0.0149581
0.0153698
0.0158263
0.0161761
0.0164337
0.0167682
0.0172443
0.0177197
0.0180703
0.0184011
0.0188453
0.0193135
0.0197082
0.0200909
0.0205072
0.0209275
0.0213749
0.0218896
0.0224313
0.0229499
0.0234687
0.0240041
0.0245289
0.0250234
0.0254765
0.0259268
0.0264166
0.026949
0.0274792
0.0280191
0.028604
0.0292237
0.0298158
0.0303862
0.0310136
0.0316752
0.0323243
0.0329799
0.0336435
0.0342661
0.0348819
0.0355197
0.0362232
0.0369747
0.0377407
0.0385211
0.039319
0.0400693
0.0408216
0.0415964
0.0423847
0.0432092
0.0440678
0.0449282
0.0457776
0.046656
0.0475493
0.048492
0.0494361
0.0504152
0.0513878
0.0523891
0.0534296
0.0544864
0.0555657
0.0566583
0.0577893
0.0589478
0.0601143
0.0613055
0.0624523
0.0636725
0.0649062
0.0661576
0.0674201
0.0686601
0.0698884
0.0710276
0.0720869
0.0730325
0.0237091
0.0202652
0.0132925
0.00765583
0.00600078
0.00716029
0.00879112
0.00992004
0.0105955
0.0110501
0.0114264
0.011845
0.0123603
0.0128392
0.0131473
0.013401
0.0137554
0.0141482
0.0144554
0.014686
0.0149636
0.0153739
0.0158289
0.0161787
0.0164371
0.0167716
0.017247
0.0177218
0.0180723
0.018403
0.0188471
0.0193149
0.0197093
0.0200919
0.0205081
0.0209282
0.0213755
0.0218902
0.022432
0.0229506
0.0234693
0.0240048
0.0245296
0.0250241
0.025477
0.0259273
0.026417
0.0269495
0.0274797
0.0280195
0.0286044
0.0292242
0.0298162
0.0303866
0.0310139
0.0316756
0.0323246
0.0329803
0.0336439
0.0342664
0.0348822
0.0355199
0.0362234
0.036975
0.037741
0.0385213
0.0393193
0.0400696
0.0408219
0.0415965
0.0423849
0.0432093
0.044068
0.0449284
0.0457777
0.0466562
0.0475494
0.0484922
0.0494363
0.0504153
0.051388
0.0523892
0.0534298
0.0544865
0.0555659
0.0566584
0.0577894
0.0589479
0.0601144
0.0613056
0.0624524
0.0636726
0.0649063
0.0661577
0.0674202
0.0686602
0.0698886
0.0710278
0.0720871
0.0730327
0.0230022
0.0200226
0.0135188
0.00804673
0.00626397
0.00726881
0.00884345
0.00996037
0.0106299
0.0110807
0.0114552
0.0118689
0.012375
0.0128467
0.0131548
0.0134116
0.0137656
0.0141553
0.0144614
0.0146938
0.0149721
0.0153798
0.0158319
0.0161815
0.0164417
0.0167768
0.0172507
0.0177243
0.018075
0.0184061
0.0188497
0.0193168
0.0197109
0.0200934
0.0205094
0.0209292
0.0213763
0.0218909
0.0224326
0.0229513
0.0234701
0.0240057
0.0245303
0.0250247
0.0254777
0.025928
0.0264176
0.0269499
0.0274802
0.02802
0.028605
0.0292246
0.0298167
0.030387
0.0310144
0.031676
0.032325
0.0329807
0.0336444
0.0342668
0.0348825
0.0355202
0.0362237
0.0369753
0.0377413
0.0385216
0.0393196
0.0400699
0.0408221
0.0415968
0.0423851
0.0432095
0.0440682
0.0449286
0.0457779
0.0466563
0.0475495
0.0484923
0.0494364
0.0504155
0.0513881
0.0523893
0.0534299
0.0544866
0.055566
0.0566585
0.0577896
0.058948
0.0601145
0.0613057
0.0624525
0.0636727
0.0649064
0.0661578
0.0674203
0.0686604
0.0698887
0.071028
0.0720875
0.0730329
0.0222995
0.0197462
0.013733
0.00844489
0.00654396
0.00738616
0.00889716
0.0100021
0.0106674
0.011115
0.0114877
0.0118961
0.0123917
0.012855
0.013163
0.0134234
0.013777
0.014163
0.0144682
0.0147035
0.0149833
0.0153879
0.0158357
0.0161849
0.0164478
0.0167836
0.0172554
0.0177272
0.0180785
0.0184105
0.0188534
0.0193194
0.0197132
0.0200957
0.0205113
0.0209306
0.0213773
0.0218915
0.0224332
0.0229519
0.023471
0.0240066
0.0245311
0.0250254
0.0254784
0.0259288
0.0264182
0.0269504
0.0274807
0.0280207
0.0286055
0.0292251
0.0298173
0.0303876
0.0310149
0.0316765
0.0323255
0.0329812
0.0336449
0.0342672
0.0348829
0.0355204
0.0362239
0.0369757
0.0377417
0.038522
0.03932
0.0400702
0.0408224
0.041597
0.0423853
0.0432098
0.0440684
0.0449288
0.0457781
0.0466565
0.0475497
0.0484925
0.0494366
0.0504156
0.0513882
0.0523894
0.05343
0.0544868
0.0555661
0.0566586
0.0577897
0.0589481
0.0601146
0.0613059
0.0624526
0.0636728
0.0649066
0.0661579
0.0674205
0.0686605
0.069889
0.0710284
0.0720881
0.0730332
0.0216111
0.0194405
0.013931
0.00884769
0.00684161
0.00751469
0.00895315
0.0100451
0.0107077
0.0111527
0.0115232
0.0119257
0.01241
0.0128642
0.013172
0.0134362
0.013789
0.0141707
0.0144751
0.0147144
0.0149966
0.0153978
0.0158405
0.0161891
0.0164552
0.016792
0.0172607
0.0177302
0.0180825
0.0184159
0.018858
0.0193226
0.0197163
0.0200989
0.0205141
0.0209326
0.0213787
0.0218924
0.0224336
0.0229525
0.0234718
0.0240076
0.0245319
0.0250262
0.0254794
0.0259299
0.0264191
0.026951
0.0274813
0.0280214
0.0286062
0.0292257
0.0298178
0.0303882
0.0310155
0.0316769
0.0323259
0.0329818
0.0336455
0.0342677
0.0348832
0.0355207
0.0362243
0.036976
0.037742
0.0385224
0.0393204
0.0400707
0.0408228
0.0415973
0.0423856
0.0432101
0.0440687
0.0449291
0.0457784
0.0466568
0.0475499
0.0484927
0.0494368
0.0504158
0.0513884
0.0523895
0.0534302
0.0544869
0.0555662
0.0566587
0.0577898
0.0589483
0.0601148
0.061306
0.0624527
0.0636729
0.0649067
0.066158
0.0674207
0.0686607
0.0698893
0.071029
0.0720889
0.0730336
0.0209473
0.0191107
0.0141077
0.00925102
0.00715655
0.00765631
0.00901227
0.0100888
0.0107503
0.0111933
0.0115615
0.0119574
0.0124299
0.0128744
0.0131817
0.0134496
0.0138016
0.0141787
0.0144821
0.0147258
0.015011
0.0154089
0.0158461
0.0161942
0.0164637
0.0168015
0.0172666
0.0177332
0.0180869
0.0184222
0.0188633
0.0193262
0.0197198
0.020103
0.0205178
0.0209355
0.0213808
0.0218936
0.0224342
0.0229529
0.0234725
0.0240084
0.0245326
0.0250269
0.0254806
0.0259315
0.0264204
0.0269518
0.0274821
0.0280224
0.0286071
0.0292262
0.0298184
0.0303889
0.031016
0.0316773
0.0323264
0.0329825
0.0336462
0.0342683
0.0348837
0.0355211
0.0362246
0.0369764
0.0377424
0.0385228
0.0393209
0.0400712
0.0408232
0.0415977
0.042386
0.0432105
0.0440691
0.0449294
0.0457787
0.046657
0.0475501
0.0484929
0.049437
0.050416
0.0513886
0.0523897
0.0534303
0.054487
0.0555664
0.0566589
0.0577899
0.0589484
0.0601149
0.0613062
0.0624528
0.0636731
0.0649069
0.0661582
0.0674209
0.068661
0.0698896
0.0710298
0.0720901
0.0730342
0.020317
0.0187631
0.0142593
0.00965015
0.00748685
0.00781185
0.00907489
0.0101322
0.0107941
0.0112367
0.0116025
0.0119916
0.0124515
0.0128855
0.0131919
0.0134637
0.0138148
0.014187
0.0144892
0.0147375
0.015026
0.0154206
0.0158524
0.0161999
0.0164732
0.0168118
0.0172729
0.0177363
0.0180915
0.0184289
0.0188689
0.0193299
0.0197236
0.0201076
0.0205221
0.0209392
0.0213837
0.0218954
0.022435
0.0229534
0.0234731
0.0240089
0.024533
0.0250274
0.0254819
0.0259335
0.0264221
0.0269528
0.0274831
0.0280237
0.0286081
0.0292267
0.029819
0.0303898
0.0310167
0.0316776
0.0323268
0.0329832
0.033647
0.034269
0.0348844
0.0355217
0.036225
0.0369768
0.0377428
0.0385231
0.0393214
0.0400718
0.0408237
0.0415982
0.0423865
0.043211
0.0440696
0.0449299
0.0457791
0.0466574
0.0475505
0.0484933
0.0494373
0.0504162
0.0513888
0.0523899
0.0534305
0.0544872
0.0555665
0.056659
0.0577901
0.0589486
0.0601151
0.0613063
0.062453
0.0636732
0.0649071
0.0661583
0.0674212
0.0686613
0.0698901
0.071031
0.0720917
0.0730349
0.0197266
0.0184053
0.0143843
0.0100404
0.00782889
0.00798105
0.00914099
0.0101743
0.0108381
0.0112824
0.0116464
0.0120281
0.0124745
0.0128974
0.0132027
0.0134785
0.0138289
0.0141958
0.0144966
0.0147495
0.0150415
0.015433
0.0158592
0.0162061
0.0164833
0.0168229
0.0172796
0.0177396
0.0180963
0.0184359
0.0188748
0.0193337
0.0197275
0.0201124
0.020527
0.0209435
0.0213872
0.0218977
0.0224361
0.022954
0.0234736
0.0240092
0.0245329
0.0250276
0.0254831
0.0259357
0.0264242
0.0269542
0.0274844
0.0280252
0.0286093
0.0292274
0.0298197
0.0303908
0.0310174
0.0316778
0.0323271
0.0329837
0.0336476
0.0342697
0.0348852
0.0355225
0.0362257
0.0369773
0.0377431
0.0385233
0.0393218
0.0400724
0.0408242
0.0415987
0.0423871
0.0432116
0.0440701
0.0449304
0.0457797
0.0466579
0.0475509
0.0484937
0.0494377
0.0504166
0.0513891
0.0523902
0.0534308
0.0544874
0.0555667
0.0566592
0.0577902
0.0589488
0.0601152
0.0613065
0.0624531
0.0636733
0.0649073
0.0661585
0.0674216
0.0686617
0.0698906
0.0710324
0.0720937
0.0730358
0.0191796
0.0180455
0.0144833
0.0104171
0.00817797
0.00816309
0.00921097
0.0102145
0.0108813
0.01133
0.0116931
0.0120669
0.012499
0.01291
0.0132141
0.0134941
0.0138438
0.0142053
0.0145045
0.0147619
0.0150575
0.0154458
0.0158661
0.0162125
0.0164938
0.0168345
0.0172868
0.017743
0.0181012
0.0184432
0.0188809
0.0193376
0.0197314
0.0201173
0.0205321
0.0209482
0.0213912
0.0219004
0.0224376
0.0229549
0.0234742
0.0240093
0.0245324
0.0250272
0.0254841
0.0259381
0.0264266
0.026956
0.0274861
0.0280271
0.0286108
0.0292281
0.0298205
0.0303921
0.0310183
0.031678
0.0323271
0.032984
0.033648
0.0342703
0.0348861
0.0355236
0.0362267
0.0369781
0.0377435
0.0385234
0.039322
0.0400728
0.0408247
0.0415991
0.0423877
0.0432123
0.0440707
0.0449309
0.0457803
0.0466586
0.0475515
0.0484943
0.0494382
0.050417
0.0513895
0.0523906
0.0534311
0.0544876
0.0555669
0.0566593
0.0577904
0.058949
0.0601154
0.0613067
0.0624533
0.0636735
0.0649075
0.0661587
0.067422
0.0686621
0.0698912
0.0710342
0.0720962
0.0730369
0.0186771
0.0176906
0.0145572
0.010776
0.00852966
0.00835758
0.00928603
0.0102529
0.0109227
0.0113787
0.0117423
0.0121077
0.0125246
0.0129232
0.013226
0.0135106
0.0138597
0.0142158
0.0145131
0.014775
0.0150743
0.0154592
0.0158734
0.016219
0.0165046
0.0168466
0.0172944
0.0177468
0.0181063
0.0184509
0.0188874
0.0193416
0.0197353
0.0201222
0.0205373
0.0209532
0.0213957
0.0219034
0.0224393
0.022956
0.023475
0.0240093
0.0245316
0.0250265
0.0254849
0.0259405
0.0264292
0.026958
0.0274881
0.0280294
0.0286125
0.029229
0.0298215
0.0303935
0.0310193
0.0316782
0.0323271
0.032984
0.0336481
0.0342706
0.0348869
0.0355248
0.0362281
0.0369793
0.037744
0.0385234
0.0393219
0.040073
0.040825
0.0415995
0.0423884
0.0432131
0.0440713
0.0449315
0.045781
0.0466593
0.0475522
0.048495
0.0494389
0.0504176
0.0513901
0.0523911
0.0534315
0.0544879
0.0555672
0.0566595
0.0577906
0.0589492
0.0601157
0.0613069
0.0624535
0.0636737
0.0649077
0.0661589
0.0674225
0.0686627
0.0698919
0.0710364
0.0720992
0.0730382
0.018217
0.0173448
0.0146068
0.0111136
0.00888076
0.00856465
0.00936801
0.0102899
0.0109615
0.0114275
0.0117934
0.0121504
0.0125513
0.0129369
0.0132385
0.0135277
0.0138764
0.0142271
0.0145226
0.0147889
0.0150918
0.0154731
0.0158809
0.0162257
0.0165158
0.0168593
0.0173025
0.0177508
0.0181117
0.0184588
0.0188942
0.0193459
0.0197394
0.0201273
0.0205426
0.0209585
0.0214005
0.0219069
0.0224413
0.0229573
0.0234759
0.0240093
0.0245306
0.0250255
0.0254855
0.0259429
0.026432
0.0269602
0.0274903
0.0280318
0.0286144
0.0292299
0.0298225
0.0303951
0.0310206
0.0316785
0.032327
0.0329839
0.0336478
0.0342704
0.0348873
0.0355259
0.0362297
0.0369809
0.037745
0.0385234
0.0393216
0.0400729
0.0408251
0.0415998
0.0423891
0.0432139
0.0440719
0.0449321
0.0457817
0.0466602
0.0475531
0.0484959
0.0494397
0.0504183
0.0513908
0.0523918
0.053432
0.0544883
0.0555675
0.0566597
0.0577908
0.0589495
0.0601159
0.0613071
0.0624537
0.0636738
0.064908
0.066159
0.067423
0.0686633
0.0698927
0.0710391
0.0721028
0.0730398
0.017795
0.01701
0.0146331
0.0114283
0.00922888
0.00878417
0.00945896
0.0103268
0.0109969
0.0114751
0.0118458
0.0121949
0.0125791
0.0129512
0.0132513
0.0135455
0.0138941
0.0142393
0.0145329
0.0148037
0.0151101
0.0154878
0.0158888
0.0162326
0.0165273
0.0168725
0.017311
0.0177551
0.0181173
0.0184671
0.0189013
0.0193506
0.0197438
0.0201326
0.0205482
0.0209641
0.0214058
0.0219108
0.0224435
0.0229588
0.023477
0.0240093
0.0245294
0.0250244
0.0254861
0.0259454
0.0264349
0.0269626
0.0274926
0.0280345
0.0286164
0.0292309
0.0298235
0.0303968
0.031022
0.0316789
0.0323268
0.0329835
0.0336471
0.0342698
0.0348874
0.0355268
0.0362314
0.0369829
0.0377462
0.0385235
0.039321
0.0400724
0.0408249
0.0415998
0.0423897
0.0432148
0.0440726
0.0449327
0.0457824
0.046661
0.047554
0.0484968
0.0494406
0.0504191
0.0513916
0.0523926
0.0534327
0.0544889
0.055568
0.0566601
0.057791
0.0589497
0.0601162
0.0613074
0.062454
0.063674
0.0649082
0.0661592
0.0674235
0.068664
0.0698935
0.0710421
0.0721069
0.0730415
0.0174061
0.0166867
0.0146376
0.0117192
0.00957167
0.00901544
0.00956102
0.0103654
0.0110289
0.0115207
0.0118992
0.0122415
0.0126084
0.0129662
0.0132647
0.0135641
0.0139128
0.0142525
0.0145439
0.0148191
0.0151293
0.0155032
0.0158971
0.0162398
0.0165393
0.0168864
0.0173201
0.0177596
0.0181232
0.0184757
0.0189089
0.0193554
0.0197484
0.0201381
0.020554
0.0209702
0.0214117
0.0219153
0.0224461
0.0229605
0.0234783
0.0240095
0.0245283
0.0250231
0.0254866
0.0259479
0.0264379
0.0269651
0.0274952
0.0280374
0.0286186
0.029232
0.0298245
0.0303986
0.0310235
0.0316795
0.0323267
0.0329829
0.0336462
0.034269
0.0348872
0.0355275
0.0362329
0.0369849
0.0377477
0.0385237
0.0393203
0.0400717
0.0408244
0.0415997
0.0423902
0.0432157
0.0440734
0.0449332
0.045783
0.0466617
0.0475549
0.0484979
0.0494416
0.05042
0.0513926
0.0523936
0.0534336
0.0544896
0.0555687
0.0566605
0.0577912
0.0589499
0.0601164
0.0613077
0.0624544
0.0636743
0.0649085
0.0661593
0.0674241
0.0686648
0.0698945
0.0710455
0.0721115
0.0730435
0.017046
0.0163755
0.0146217
0.0119858
0.00990695
0.00925722
0.00967607
0.0104082
0.0110579
0.0115636
0.0119533
0.0122905
0.0126398
0.0129823
0.0132788
0.0135836
0.0139325
0.0142664
0.0145555
0.0148352
0.0151494
0.0155194
0.015906
0.0162473
0.0165517
0.0169009
0.0173298
0.0177646
0.0181294
0.0184848
0.0189168
0.0193605
0.0197531
0.0201438
0.0205603
0.020977
0.0214184
0.0219203
0.022449
0.0229624
0.0234798
0.0240099
0.0245271
0.0250218
0.0254871
0.0259505
0.026441
0.0269677
0.0274978
0.0280404
0.0286209
0.0292331
0.0298256
0.0304005
0.0310251
0.0316801
0.0323265
0.0329822
0.0336451
0.0342681
0.034887
0.035528
0.0362343
0.0369869
0.0377493
0.0385239
0.0393195
0.0400708
0.0408238
0.0415995
0.0423908
0.0432167
0.0440741
0.0449338
0.0457836
0.0466624
0.0475558
0.048499
0.0494426
0.050421
0.0513936
0.0523948
0.0534346
0.0544903
0.0555694
0.0566611
0.0577916
0.05895
0.0601166
0.0613079
0.0624549
0.0636747
0.0649089
0.0661595
0.0674247
0.0686656
0.0698955
0.0710492
0.0721166
0.0730457
0.0167113
0.0160768
0.0145873
0.0122282
0.0102329
0.0095075
0.00980532
0.0104576
0.0110851
0.0116032
0.0120075
0.0123421
0.0126738
0.013
0.0132938
0.0136041
0.0139532
0.0142811
0.0145676
0.014852
0.0151702
0.0155364
0.0159154
0.0162551
0.0165647
0.0169162
0.0173401
0.0177699
0.0181359
0.0184943
0.018925
0.0193657
0.019758
0.0201498
0.020567
0.0209845
0.0214258
0.0219258
0.0224521
0.0229645
0.0234815
0.0240104
0.0245261
0.0250205
0.0254878
0.0259532
0.0264442
0.0269704
0.0275007
0.0280436
0.0286234
0.0292342
0.0298267
0.0304024
0.0310269
0.0316808
0.0323263
0.0329814
0.0336439
0.0342671
0.0348868
0.0355286
0.0362356
0.0369886
0.0377509
0.0385242
0.0393185
0.0400697
0.0408231
0.0415993
0.0423914
0.0432177
0.044075
0.0449345
0.0457842
0.046663
0.0475567
0.0485001
0.0494437
0.0504219
0.0513947
0.0523961
0.0534357
0.0544912
0.0555703
0.0566618
0.057792
0.0589501
0.0601167
0.0613081
0.0624555
0.0636752
0.0649093
0.0661596
0.0674252
0.0686665
0.0698966
0.0710532
0.0721221
0.0730481
0.0163982
0.0157911
0.0145369
0.0124475
0.010548
0.00976324
0.00994914
0.0105163
0.0111123
0.0116395
0.0120612
0.0123963
0.0127108
0.0130196
0.01331
0.0136256
0.013975
0.0142966
0.0145802
0.0148694
0.015192
0.0155542
0.0159253
0.0162634
0.0165782
0.0169322
0.017351
0.0177756
0.0181429
0.0185043
0.0189336
0.0193711
0.0197629
0.0201561
0.0205743
0.0209927
0.0214339
0.0219319
0.0224556
0.0229668
0.0234834
0.0240111
0.0245251
0.0250192
0.0254884
0.0259561
0.0264476
0.0269733
0.0275036
0.028047
0.028626
0.0292354
0.0298278
0.0304044
0.0310288
0.0316816
0.0323261
0.0329806
0.0336426
0.0342663
0.034887
0.0355296
0.036237
0.0369902
0.0377523
0.0385243
0.0393174
0.0400686
0.0408226
0.0415993
0.0423921
0.0432187
0.0440758
0.0449351
0.0457849
0.0466637
0.0475576
0.0485013
0.0494448
0.0504228
0.0513958
0.0523975
0.0534368
0.0544921
0.0555712
0.0566627
0.0577925
0.0589503
0.0601168
0.0613082
0.0624561
0.0636758
0.0649098
0.0661598
0.0674258
0.0686674
0.0698978
0.0710575
0.072128
0.0730507
0.0161037
0.0155182
0.0144731
0.0126455
0.0108506
0.0100211
0.0101071
0.0105868
0.0111416
0.0116726
0.0121134
0.0124525
0.0127509
0.0130415
0.0133276
0.0136483
0.0139979
0.0143129
0.0145935
0.0148874
0.0152146
0.0155729
0.0159358
0.0162721
0.0165923
0.016949
0.0173626
0.0177818
0.0181503
0.0185148
0.0189425
0.0193765
0.0197679
0.0201626
0.0205821
0.0210015
0.0214426
0.0219384
0.0224593
0.0229692
0.0234854
0.024012
0.0245241
0.0250179
0.0254891
0.025959
0.0264512
0.0269763
0.0275067
0.0280506
0.0286288
0.0292366
0.0298289
0.0304065
0.0310308
0.0316825
0.032326
0.0329797
0.0336414
0.0342657
0.0348876
0.0355311
0.0362387
0.0369917
0.0377535
0.0385245
0.0393163
0.0400675
0.0408222
0.0415995
0.042393
0.0432199
0.0440766
0.0449357
0.0457856
0.0466645
0.0475586
0.0485024
0.0494459
0.0504237
0.0513969
0.0523989
0.0534381
0.0544931
0.0555722
0.0566636
0.0577931
0.0589504
0.0601168
0.0613083
0.0624567
0.0636765
0.0649104
0.0661601
0.0674264
0.0686684
0.0698991
0.0710619
0.0721343
0.0730535
0.0158264
0.0152581
0.0143968
0.0128232
0.0111403
0.0102784
0.0102778
0.0106707
0.0111754
0.0117029
0.0121632
0.01251
0.0127941
0.0130661
0.013347
0.0136723
0.0140218
0.0143301
0.0146073
0.0149062
0.0152381
0.0155924
0.0159469
0.0162812
0.016607
0.0169666
0.0173749
0.0177884
0.0181581
0.0185259
0.0189519
0.0193822
0.0197731
0.0201694
0.0205903
0.0210108
0.0214517
0.0219453
0.0224633
0.0229719
0.0234877
0.024013
0.0245233
0.0250166
0.0254898
0.0259621
0.0264549
0.0269795
0.02751
0.0280544
0.0286317
0.029238
0.0298301
0.0304087
0.0310328
0.0316834
0.032326
0.0329789
0.0336402
0.0342653
0.0348886
0.0355332
0.0362408
0.0369932
0.0377546
0.0385246
0.0393151
0.0400664
0.0408221
0.0416001
0.0423941
0.0432211
0.0440774
0.0449362
0.0457864
0.0466655
0.0475598
0.0485036
0.0494471
0.0504247
0.051398
0.0524004
0.0534394
0.0544941
0.0555733
0.0566647
0.0577939
0.0589507
0.0601168
0.0613083
0.0624573
0.0636772
0.064911
0.0661604
0.067427
0.0686695
0.0699005
0.0710666
0.0721409
0.0730566
0.0155665
0.0150121
0.0143078
0.0129807
0.0114176
0.0105329
0.0104587
0.0107693
0.0112163
0.0117316
0.0122098
0.0125678
0.0128401
0.0130934
0.0133682
0.0136977
0.014047
0.014348
0.0146218
0.0149256
0.0152626
0.015613
0.0159587
0.0162909
0.0166224
0.016985
0.0173879
0.0177955
0.0181664
0.0185374
0.0189617
0.019388
0.0197784
0.0201766
0.0205991
0.0210207
0.0214613
0.0219525
0.0224676
0.0229747
0.02349
0.0240142
0.0245226
0.0250154
0.0254905
0.0259653
0.0264588
0.0269829
0.0275134
0.0280583
0.0286348
0.0292394
0.0298313
0.0304109
0.031035
0.0316844
0.032326
0.0329781
0.0336391
0.0342652
0.0348901
0.0355359
0.0362434
0.0369948
0.0377557
0.0385246
0.039314
0.0400655
0.0408223
0.041601
0.0423954
0.0432223
0.0440782
0.0449368
0.0457872
0.0466667
0.0475612
0.0485049
0.0494482
0.0504257
0.0513991
0.0524018
0.0534408
0.0544951
0.0555744
0.0566657
0.0577947
0.058951
0.0601168
0.0613082
0.062458
0.0636781
0.0649117
0.0661607
0.0674277
0.0686707
0.069902
0.0710714
0.0721478
0.0730599
0.0153224
0.014784
0.0142072
0.0131164
0.0116833
0.0107834
0.0106463
0.0108833
0.0112674
0.0117604
0.012253
0.0126246
0.0128883
0.0131236
0.0133918
0.0137248
0.0140734
0.0143669
0.014637
0.0149459
0.015288
0.0156345
0.0159712
0.016301
0.0166384
0.0170042
0.0174017
0.017803
0.018175
0.0185496
0.018972
0.0193942
0.019784
0.0201842
0.0206083
0.0210309
0.0214712
0.02196
0.022472
0.0229777
0.0234926
0.0240155
0.024522
0.0250142
0.0254913
0.0259686
0.0264629
0.0269863
0.027517
0.0280624
0.028638
0.029241
0.0298326
0.0304133
0.0310373
0.0316854
0.0323261
0.0329774
0.0336382
0.0342654
0.034892
0.0355392
0.0362465
0.0369965
0.0377567
0.0385247
0.0393129
0.0400646
0.0408227
0.0416021
0.0423969
0.0432236
0.0440789
0.0449372
0.0457881
0.0466681
0.0475628
0.0485062
0.0494494
0.0504267
0.0514004
0.0524033
0.0534422
0.0544962
0.0555755
0.0566669
0.0577956
0.0589514
0.0601167
0.0613081
0.0624586
0.0636789
0.0649125
0.0661611
0.0674284
0.068672
0.0699036
0.0710764
0.072155
0.0730634
0.0150886
0.0145774
0.0140998
0.0132283
0.0119375
0.0110294
0.0108367
0.0110119
0.0113314
0.0117914
0.0122925
0.0126794
0.0129377
0.0131565
0.0134177
0.0137538
0.0141013
0.0143868
0.0146528
0.0149669
0.0153145
0.0156569
0.0159844
0.0163117
0.016655
0.0170242
0.0174161
0.0178109
0.0181841
0.0185622
0.0189828
0.0194007
0.01979
0.0201922
0.0206179
0.0210414
0.0214814
0.0219677
0.0224767
0.0229809
0.0234953
0.024017
0.0245216
0.0250131
0.0254921
0.025972
0.0264671
0.0269899
0.0275205
0.0280665
0.0286414
0.0292426
0.029834
0.0304157
0.0310396
0.0316865
0.0323263
0.0329767
0.0336374
0.0342658
0.0348942
0.0355429
0.03625
0.0369984
0.0377576
0.0385247
0.0393118
0.0400638
0.0408234
0.0416033
0.0423985
0.043225
0.0440796
0.0449377
0.045789
0.0466697
0.0475646
0.0485077
0.0494506
0.0504278
0.0514017
0.0524049
0.0534437
0.0544974
0.0555767
0.0566681
0.0577966
0.0589518
0.0601168
0.0613081
0.0624593
0.0636798
0.0649134
0.0661616
0.0674292
0.0686734
0.0699054
0.0710816
0.0721625
0.0730673
0.0148562
0.0143919
0.0139928
0.0133154
0.0121788
0.011272
0.0110264
0.0111526
0.0114105
0.0118272
0.0123288
0.0127314
0.0129874
0.0131918
0.0134463
0.0137849
0.014131
0.014408
0.0146693
0.0149886
0.015342
0.0156804
0.0159984
0.0163231
0.0166723
0.0170451
0.0174313
0.0178194
0.0181936
0.0185755
0.0189942
0.0194077
0.0197963
0.0202007
0.0206279
0.0210522
0.0214918
0.0219757
0.0224816
0.0229843
0.0234982
0.0240187
0.0245213
0.025012
0.0254929
0.0259755
0.0264715
0.0269935
0.0275242
0.0280708
0.028645
0.0292444
0.0298355
0.0304182
0.0310421
0.0316876
0.0323265
0.0329761
0.0336366
0.0342663
0.0348967
0.0355469
0.0362537
0.0370004
0.0377585
0.0385247
0.0393108
0.040063
0.040824
0.0416047
0.0424001
0.0432265
0.0440804
0.0449382
0.0457901
0.0466714
0.0475665
0.0485092
0.0494518
0.050429
0.0514031
0.0524065
0.0534453
0.0544986
0.0555779
0.0566693
0.0577976
0.0589524
0.0601168
0.061308
0.0624601
0.0636807
0.0649143
0.0661621
0.0674301
0.0686749
0.0699074
0.071087
0.0721703
0.0730714
0.0146178
0.0142214
0.0138936
0.0133793
0.0124042
0.0115128
0.0112138
0.0113009
0.0115058
0.0118711
0.0123627
0.0127797
0.0130364
0.0132288
0.0134775
0.0138185
0.0141626
0.0144304
0.0146867
0.015011
0.0153705
0.015705
0.0160132
0.0163351
0.0166904
0.0170668
0.0174472
0.0178283
0.0182035
0.0185893
0.0190062
0.019415
0.019803
0.0202096
0.0206383
0.0210632
0.0215024
0.0219839
0.0224868
0.0229878
0.0235013
0.0240206
0.0245211
0.0250111
0.0254938
0.0259792
0.0264761
0.0269972
0.0275279
0.0280752
0.0286487
0.0292463
0.029837
0.0304209
0.0310446
0.0316888
0.0323267
0.0329756
0.0336359
0.0342669
0.0348992
0.0355511
0.0362576
0.0370025
0.0377595
0.0385248
0.0393097
0.0400623
0.0408248
0.0416061
0.0424018
0.043228
0.0440812
0.0449387
0.0457911
0.0466732
0.0475685
0.0485108
0.049453
0.0504302
0.0514045
0.0524082
0.053447
0.0544999
0.0555792
0.0566706
0.0577988
0.058953
0.0601169
0.061308
0.0624608
0.0636817
0.0649154
0.0661626
0.067431
0.0686766
0.0699096
0.0710925
0.0721785
0.0730758
0.0143736
0.014057
0.0138064
0.013425
0.0126089
0.0117527
0.0114006
0.0114518
0.0116166
0.0119268
0.0123961
0.0128238
0.0130842
0.0132669
0.013511
0.0138547
0.0141964
0.0144544
0.0147049
0.015034
0.0153998
0.0157307
0.0160288
0.0163476
0.0167093
0.0170894
0.0174639
0.0178376
0.0182139
0.0186038
0.0190188
0.0194228
0.0198101
0.020219
0.0206491
0.0210746
0.0215133
0.0219924
0.0224922
0.0229916
0.0235047
0.0240228
0.0245212
0.0250102
0.0254948
0.025983
0.0264808
0.027001
0.0275317
0.0280798
0.0286526
0.0292483
0.0298386
0.0304236
0.0310473
0.03169
0.032327
0.0329751
0.0336354
0.0342676
0.0349019
0.0355553
0.0362616
0.0370046
0.0377604
0.0385248
0.0393086
0.0400616
0.0408255
0.0416075
0.0424035
0.0432295
0.044082
0.0449393
0.0457923
0.046675
0.0475706
0.0485125
0.0494544
0.0504315
0.051406
0.05241
0.0534488
0.0545012
0.0555806
0.056672
0.0577999
0.0589536
0.060117
0.061308
0.0624617
0.0636827
0.0649164
0.0661632
0.0674319
0.0686784
0.069912
0.0710983
0.072187
0.0730805
0.0141299
0.0138912
0.0137312
0.0134608
0.0127893
0.0119884
0.0115897
0.0116021
0.0117397
0.0119976
0.0124315
0.0128634
0.0131299
0.0133054
0.0135464
0.0138933
0.0142326
0.0144802
0.0147243
0.0150579
0.0154301
0.0157574
0.0160453
0.0163607
0.0167288
0.0171131
0.0174813
0.0178474
0.0182247
0.018619
0.019032
0.019431
0.0198176
0.0202289
0.0206603
0.0210862
0.0215244
0.0220011
0.0224978
0.0229956
0.0235082
0.0240252
0.0245215
0.0250095
0.025496
0.025987
0.0264856
0.0270049
0.0275355
0.0280845
0.0286566
0.0292505
0.0298402
0.0304265
0.0310501
0.0316912
0.0323273
0.0329748
0.0336349
0.0342684
0.0349046
0.0355597
0.0362657
0.0370069
0.0377614
0.0385249
0.0393076
0.040061
0.0408263
0.0416089
0.0424052
0.0432311
0.0440829
0.0449399
0.0457935
0.046677
0.0475729
0.0485142
0.0494558
0.0504329
0.0514076
0.0524119
0.0534506
0.0545026
0.055582
0.0566734
0.0578011
0.0589543
0.0601172
0.0613081
0.0624625
0.0636838
0.0649175
0.0661639
0.0674329
0.0686803
0.0699146
0.0711043
0.0721958
0.0730856
0.0138931
0.0137209
0.0136637
0.0134958
0.0129462
0.012213
0.0117829
0.0117522
0.0118701
0.0120845
0.0124732
0.0128987
0.0131728
0.0133441
0.0135829
0.0139343
0.0142715
0.0145081
0.0147448
0.0150827
0.0154614
0.0157851
0.0160627
0.0163745
0.0167491
0.0171377
0.0174997
0.0178577
0.0182359
0.0186348
0.019046
0.0194397
0.0198256
0.0202392
0.020672
0.0210981
0.0215357
0.0220101
0.0225037
0.0229999
0.023512
0.0240278
0.024522
0.0250089
0.0254972
0.0259912
0.0264907
0.0270088
0.0275394
0.0280893
0.0286609
0.0292527
0.0298419
0.0304295
0.0310529
0.0316925
0.0323276
0.0329745
0.0336345
0.0342692
0.0349074
0.035564
0.0362699
0.0370092
0.0377624
0.038525
0.0393066
0.0400603
0.0408271
0.0416103
0.042407
0.0432328
0.0440838
0.0449406
0.0457947
0.046679
0.0475751
0.0485161
0.0494572
0.0504343
0.0514092
0.0524139
0.0534525
0.0545041
0.0555835
0.0566749
0.0578024
0.0589551
0.0601174
0.0613081
0.0624634
0.0636849
0.0649187
0.0661647
0.067434
0.0686824
0.0699174
0.0711105
0.0722051
0.073091
0.0136657
0.0135467
0.0135978
0.0135353
0.0130864
0.01242
0.0119782
0.0119054
0.0120032
0.0121855
0.0125257
0.0129316
0.0132115
0.0133826
0.0136203
0.013977
0.0143129
0.0145383
0.0147669
0.0151085
0.0154937
0.0158139
0.0160808
0.016389
0.0167701
0.0171633
0.0175191
0.0178686
0.0182476
0.0186514
0.0190607
0.0194489
0.0198339
0.0202502
0.0206841
0.0211102
0.0215473
0.0220194
0.0225099
0.0230044
0.023516
0.0240308
0.0245227
0.0250084
0.0254985
0.0259956
0.0264959
0.0270129
0.0275434
0.0280943
0.0286654
0.0292551
0.0298437
0.0304326
0.0310559
0.0316938
0.0323279
0.0329744
0.0336342
0.0342701
0.0349102
0.0355684
0.0362741
0.0370116
0.0377635
0.0385252
0.0393056
0.0400598
0.0408279
0.0416117
0.0424088
0.0432345
0.0440848
0.0449413
0.0457961
0.0466811
0.0475774
0.0485179
0.0494588
0.0504358
0.0514109
0.052416
0.0534545
0.0545056
0.055585
0.0566764
0.0578037
0.0589558
0.0601176
0.0613082
0.0624644
0.0636861
0.0649199
0.0661655
0.0674352
0.0686847
0.0699204
0.0711168
0.0722147
0.0730968
0.0134484
0.0133703
0.013528
0.0135782
0.0132194
0.0126083
0.0121687
0.0120643
0.0121387
0.0122965
0.0125915
0.0129657
0.0132454
0.01342
0.0136584
0.014021
0.0143566
0.0145708
0.0147907
0.0151353
0.0155273
0.015844
0.0160998
0.0164039
0.0167918
0.01719
0.0175396
0.0178801
0.0182596
0.0186686
0.0190761
0.0194586
0.0198427
0.0202616
0.0206967
0.0211227
0.0215592
0.022029
0.0225164
0.0230092
0.0235203
0.024034
0.0245238
0.0250081
0.0254999
0.0260001
0.0265014
0.0270171
0.0275474
0.0280995
0.02867
0.0292576
0.0298456
0.0304358
0.031059
0.0316951
0.0323283
0.0329743
0.033634
0.0342711
0.0349131
0.0355728
0.0362783
0.037014
0.0377646
0.0385254
0.0393046
0.0400593
0.0408288
0.0416131
0.0424106
0.0432363
0.0440858
0.044942
0.0457975
0.0466832
0.0475798
0.0485199
0.0494604
0.0504374
0.0514126
0.0524182
0.0534566
0.0545072
0.0555866
0.0566779
0.057805
0.0589566
0.0601179
0.0613083
0.0624654
0.0636873
0.0649211
0.0661664
0.0674364
0.0686871
0.0699237
0.0711234
0.0722246
0.0731031
0.0132436
0.0131934
0.0134513
0.0136192
0.0133514
0.012783
0.012347
0.0122269
0.0122802
0.0124138
0.0126694
0.0130056
0.0132754
0.0134552
0.0136973
0.0140659
0.0144023
0.0146056
0.0148164
0.0151637
0.0155621
0.0158756
0.0161198
0.0164193
0.0168141
0.0172177
0.0175611
0.0178924
0.0182722
0.0186865
0.0190924
0.019469
0.019852
0.0202736
0.0207099
0.0211356
0.0215713
0.0220388
0.0225232
0.0230143
0.0235249
0.0240376
0.0245251
0.0250079
0.0255015
0.0260049
0.026507
0.0270213
0.0275515
0.0281048
0.0286749
0.0292603
0.0298475
0.0304392
0.0310623
0.0316965
0.0323287
0.0329743
0.0336339
0.0342721
0.034916
0.0355773
0.0362826
0.0370165
0.0377658
0.0385256
0.0393037
0.0400588
0.0408297
0.0416145
0.0424124
0.0432381
0.0440868
0.0449428
0.045799
0.0466854
0.0475823
0.0485219
0.0494621
0.050439
0.0514145
0.0524204
0.0534587
0.0545088
0.0555883
0.0566795
0.0578064
0.0589575
0.0601182
0.0613084
0.0624665
0.0636885
0.0649224
0.0661674
0.0674376
0.0686898
0.0699272
0.0711301
0.072235
0.0731098
0.013056
0.0130187
0.013367
0.0136535
0.013482
0.0129515
0.0125108
0.0123857
0.0124305
0.0125374
0.0127558
0.0130543
0.0133045
0.0134869
0.0137364
0.0141116
0.0144493
0.0146425
0.0148438
0.0151937
0.0155984
0.0159086
0.016141
0.0164351
0.0168369
0.0172465
0.0175837
0.0179054
0.0182852
0.018705
0.0191096
0.0194799
0.0198617
0.0202862
0.0207235
0.0211487
0.0215837
0.022049
0.0225303
0.0230197
0.0235299
0.0240414
0.0245267
0.025008
0.0255033
0.0260098
0.0265129
0.0270257
0.0275556
0.0281103
0.02868
0.029263
0.0298495
0.0304427
0.0310657
0.031698
0.0323291
0.0329745
0.033634
0.0342732
0.0349189
0.0355817
0.0362868
0.037019
0.0377671
0.0385259
0.0393028
0.0400584
0.0408306
0.0416159
0.0424143
0.04324
0.044088
0.0449437
0.0458005
0.0466877
0.0475848
0.0485239
0.0494638
0.0504407
0.0514163
0.0524228
0.0534609
0.0545105
0.05559
0.0566812
0.0578078
0.0589584
0.0601186
0.0613086
0.0624676
0.0636899
0.0649237
0.0661685
0.067439
0.0686926
0.0699309
0.0711371
0.0722458
0.0731169
0.0128884
0.0128511
0.0132747
0.0136782
0.0136067
0.0131193
0.0126656
0.0125329
0.0125862
0.0126717
0.0128481
0.0131105
0.013337
0.0135157
0.0137743
0.0141581
0.0144976
0.0146812
0.0148728
0.0152255
0.0156366
0.0159432
0.0161637
0.0164515
0.0168599
0.0172763
0.0176077
0.0179192
0.0182989
0.0187244
0.0191275
0.0194915
0.0198719
0.0202993
0.0207377
0.0211622
0.0215963
0.0220595
0.0225377
0.0230253
0.0235351
0.0240457
0.0245287
0.0250083
0.0255052
0.026015
0.026519
0.0270302
0.0275598
0.0281159
0.0286853
0.029266
0.0298516
0.0304463
0.0310693
0.0316995
0.0323296
0.0329748
0.0336342
0.0342744
0.0349219
0.0355861
0.0362911
0.0370216
0.0377684
0.0385263
0.0393021
0.0400581
0.0408316
0.0416172
0.0424162
0.043242
0.0440891
0.0449446
0.0458021
0.04669
0.0475873
0.0485261
0.0494657
0.0504425
0.0514183
0.0524252
0.0534632
0.0545123
0.0555918
0.056683
0.0578093
0.0589594
0.0601191
0.0613088
0.0624687
0.0636912
0.0649251
0.0661697
0.0674404
0.0686957
0.069935
0.0711442
0.0722569
0.0731245
0.0127399
0.0126975
0.0131749
0.013691
0.0137215
0.0132862
0.0128199
0.0126662
0.0127378
0.0128199
0.0129486
0.0131704
0.0133749
0.0135444
0.01381
0.0142049
0.0145469
0.0147217
0.0149031
0.0152584
0.015677
0.0159797
0.0161877
0.016469
0.0168832
0.0173067
0.017633
0.0179338
0.0183131
0.0187446
0.0191464
0.0195037
0.0198827
0.020313
0.0207525
0.0211761
0.0216093
0.0220702
0.0225455
0.0230314
0.0235407
0.0240504
0.0245311
0.0250088
0.0255073
0.0260204
0.0265253
0.0270348
0.0275641
0.0281217
0.0286909
0.0292691
0.0298538
0.03045
0.031073
0.031701
0.0323302
0.0329753
0.0336346
0.0342757
0.0349249
0.0355905
0.0362954
0.0370242
0.0377699
0.0385268
0.0393013
0.0400579
0.0408326
0.0416186
0.0424181
0.043244
0.0440904
0.0449456
0.0458038
0.0466924
0.0475899
0.0485283
0.0494676
0.0504444
0.0514203
0.0524277
0.0534655
0.0545141
0.0555937
0.0566848
0.0578108
0.0589604
0.0601196
0.061309
0.06247
0.0636927
0.0649265
0.0661711
0.067442
0.068699
0.0699394
0.0711515
0.0722684
0.0731327
0.0126054
0.0125647
0.0130716
0.0136893
0.0138241
0.0134472
0.01298
0.0127928
0.0128751
0.0129773
0.0130644
0.0132328
0.0134155
0.0135764
0.0138446
0.0142509
0.0145969
0.0147637
0.0149349
0.0152919
0.0157195
0.016019
0.0162131
0.0164874
0.0169071
0.0173377
0.0176595
0.0179495
0.0183277
0.0187657
0.0191663
0.0195166
0.0198939
0.0203273
0.0207679
0.0211905
0.0216225
0.0220813
0.0225537
0.0230378
0.0235466
0.0240554
0.0245339
0.0250096
0.0255095
0.0260261
0.0265319
0.0270396
0.0275684
0.0281277
0.0286967
0.0292723
0.029856
0.030454
0.0310768
0.0317026
0.0323309
0.0329759
0.0336351
0.0342771
0.034928
0.0355949
0.0362997
0.0370269
0.0377714
0.0385273
0.0393007
0.0400577
0.0408336
0.0416199
0.04242
0.0432461
0.0440917
0.0449467
0.0458056
0.0466949
0.0475926
0.0485306
0.0494697
0.0504464
0.0514224
0.0524303
0.053468
0.054516
0.0555957
0.0566866
0.0578123
0.0589615
0.0601201
0.0613093
0.0624712
0.0636942
0.064928
0.0661725
0.0674436
0.0687024
0.069944
0.071159
0.0722804
0.0731414
0.012476
0.0124564
0.0129738
0.0136722
0.0139127
0.0135965
0.0131442
0.0129238
0.0129951
0.0131317
0.0132
0.0133027
0.0134548
0.013612
0.0138808
0.0142958
0.0146467
0.0148068
0.0149684
0.0153259
0.0157632
0.0160615
0.0162404
0.0165063
0.0169319
0.0173693
0.0176869
0.0179662
0.0183429
0.0187876
0.0191875
0.0195302
0.0199055
0.0203422
0.0207839
0.0212053
0.021636
0.0220927
0.0225621
0.0230446
0.023553
0.0240608
0.0245371
0.0250107
0.0255118
0.026032
0.0265389
0.0270445
0.0275727
0.0281338
0.0287028
0.0292758
0.0298583
0.030458
0.0310809
0.0317043
0.0323316
0.0329766
0.0336357
0.0342786
0.0349311
0.0355993
0.036304
0.0370296
0.037773
0.0385279
0.0393001
0.0400577
0.0408348
0.0416213
0.042422
0.0432483
0.044093
0.0449478
0.0458075
0.0466974
0.0475954
0.048533
0.0494718
0.0504485
0.0514246
0.052433
0.0534705
0.054518
0.0555977
0.0566885
0.0578139
0.0589627
0.0601208
0.0613096
0.0624726
0.0636958
0.0649295
0.0661742
0.0674453
0.0687061
0.0699491
0.0711668
0.0722927
0.0731506
0.0123416
0.0123681
0.0128924
0.0136439
0.013986
0.013731
0.0133045
0.0130676
0.0131065
0.013269
0.0133503
0.0133906
0.0134918
0.0136468
0.0139212
0.0143414
0.0146956
0.01485
0.0150036
0.0153611
0.0158072
0.0161069
0.0162708
0.0165255
0.0169573
0.0174024
0.017715
0.0179837
0.0183588
0.0188103
0.0192099
0.0195446
0.0199174
0.0203577
0.0208006
0.0212205
0.0216499
0.0221045
0.0225709
0.0230518
0.0235598
0.0240668
0.0245407
0.0250121
0.0255144
0.0260381
0.0265462
0.0270495
0.0275771
0.0281401
0.0287091
0.0292794
0.0298607
0.0304622
0.0310851
0.0317061
0.0323324
0.0329776
0.0336366
0.0342801
0.0349342
0.0356037
0.0363082
0.0370324
0.0377747
0.0385286
0.0392996
0.0400578
0.0408359
0.0416226
0.042424
0.0432505
0.0440944
0.044949
0.0458094
0.0467
0.0475982
0.0485354
0.049474
0.0504506
0.0514269
0.0524358
0.053473
0.0545201
0.0555998
0.0566905
0.0578156
0.0589639
0.0601215
0.0613099
0.062474
0.0636975
0.0649311
0.066176
0.0674472
0.06871
0.0699545
0.0711747
0.0723054
0.0731604
0.0121954
0.0122867
0.0128339
0.013613
0.0140441
0.0138505
0.0134513
0.0132235
0.0132245
0.0133832
0.0135001
0.0135039
0.0135347
0.0136752
0.0139641
0.0143913
0.0147447
0.0148916
0.0150393
0.0153982
0.0158516
0.0161541
0.0163051
0.0165458
0.0169825
0.0174372
0.0177445
0.0180012
0.0183753
0.0188341
0.0192336
0.0195601
0.0199297
0.0203737
0.0208182
0.0212362
0.0216641
0.0221168
0.0225802
0.0230593
0.023567
0.0240732
0.0245449
0.0250138
0.0255171
0.0260444
0.0265538
0.0270548
0.0275815
0.0281465
0.0287158
0.0292832
0.0298631
0.0304666
0.0310895
0.0317079
0.0323333
0.0329787
0.0336376
0.0342818
0.0349374
0.0356081
0.0363125
0.0370353
0.0377765
0.0385294
0.0392992
0.040058
0.0408372
0.0416239
0.0424261
0.0432528
0.0440959
0.0449503
0.0458115
0.0467027
0.0476011
0.048538
0.0494763
0.0504529
0.0514292
0.0524387
0.0534757
0.0545222
0.055602
0.0566926
0.0578173
0.0589652
0.0601223
0.0613103
0.0624754
0.0636993
0.0649328
0.0661779
0.0674492
0.0687142
0.0699603
0.0711828
0.0723184
0.0731708
0.0120395
0.0121965
0.0127948
0.0135907
0.0140906
0.0139573
0.0135778
0.0133795
0.0133623
0.013484
0.0136316
0.0136386
0.0135968
0.0136963
0.0140022
0.0144473
0.0147978
0.0149314
0.015073
0.0154374
0.0158979
0.016202
0.0163427
0.0165685
0.0170069
0.0174733
0.0177765
0.0180189
0.0183915
0.0188591
0.0192589
0.0195766
0.0199424
0.0203899
0.0208365
0.0212525
0.0216785
0.0221294
0.0225899
0.0230671
0.0235745
0.0240802
0.0245496
0.0250159
0.02552
0.0260509
0.0265617
0.0270603
0.027586
0.028153
0.0287227
0.0292873
0.0298656
0.030471
0.0310941
0.0317099
0.0323342
0.03298
0.0336388
0.0342836
0.0349405
0.0356125
0.0363168
0.0370382
0.0377784
0.0385303
0.039299
0.0400583
0.0408385
0.0416252
0.0424281
0.0432552
0.0440975
0.0449517
0.0458136
0.0467054
0.047604
0.0485406
0.0494786
0.0504552
0.0514317
0.0524417
0.0534784
0.0545244
0.0556043
0.0566947
0.057819
0.0589666
0.0601231
0.0613107
0.0624769
0.0637012
0.0649344
0.06618
0.0674514
0.0687185
0.0699665
0.0711912
0.0723318
0.0731819
0.0118878
0.0120861
0.0127616
0.0135858
0.0141332
0.0140563
0.0136835
0.0135189
0.0135219
0.0135907
0.0137341
0.0137775
0.0136895
0.0137202
0.0140281
0.0145047
0.0148599
0.0149726
0.0151016
0.0154763
0.0159479
0.0162509
0.0163819
0.0165947
0.0170316
0.0175094
0.0178114
0.0180376
0.0184067
0.0188849
0.0192862
0.0195944
0.0199554
0.0204064
0.0208554
0.0212696
0.0216933
0.0221423
0.0226001
0.0230755
0.0235824
0.0240876
0.024555
0.0250184
0.025523
0.0260577
0.02657
0.027066
0.0275905
0.0281597
0.02873
0.0292916
0.0298682
0.0304756
0.0310989
0.031712
0.0323353
0.0329814
0.0336403
0.0342855
0.0349438
0.0356168
0.0363211
0.0370412
0.0377805
0.0385313
0.0392988
0.0400588
0.0408399
0.0416265
0.0424302
0.0432577
0.0440991
0.0449531
0.0458158
0.0467082
0.0476071
0.0485434
0.0494811
0.0504577
0.0514342
0.0524448
0.0534812
0.0545267
0.0556067
0.0566969
0.0578209
0.058968
0.0601241
0.0613112
0.0624785
0.0637033
0.0649362
0.0661824
0.0674538
0.068723
0.0699731
0.0711998
0.0723455
0.0731935
0.0117595
0.011956
0.0127163
0.0135984
0.0141811
0.0141536
0.0137753
0.0136281
0.0136895
0.0137228
0.0138154
0.0138988
0.0138106
0.0137632
0.0140411
0.0145538
0.0149317
0.0150219
0.0151251
0.01551
0.0160024
0.0163035
0.0164209
0.016623
0.0170582
0.0175452
0.0178487
0.0180588
0.0184206
0.0189104
0.0193159
0.0196137
0.0199688
0.0204232
0.0208749
0.0212875
0.0217087
0.0221555
0.0226107
0.0230844
0.0235906
0.0240955
0.024561
0.0250215
0.0255263
0.0260648
0.0265786
0.027072
0.0275951
0.0281665
0.0287375
0.0292961
0.0298709
0.0304804
0.0311039
0.0317143
0.0323365
0.0329831
0.0336419
0.0342875
0.0349471
0.0356212
0.0363253
0.0370442
0.0377826
0.0385324
0.0392987
0.0400594
0.0408414
0.0416278
0.0424324
0.0432602
0.0441008
0.0449547
0.0458181
0.0467111
0.0476102
0.0485462
0.0494837
0.0504602
0.0514368
0.0524481
0.0534841
0.054529
0.0556092
0.0566992
0.0578227
0.0589696
0.0601251
0.0613117
0.0624802
0.0637055
0.064938
0.0661849
0.0674563
0.0687278
0.0699802
0.0712086
0.0723595
0.0732058
0.0116682
0.0118222
0.0126426
0.0136169
0.0142423
0.0142555
0.0138648
0.0137023
0.0138419
0.0138894
0.0138986
0.0139863
0.013942
0.0138396
0.014053
0.0145855
0.0150058
0.015086
0.0151489
0.0155333
0.016058
0.0163639
0.0164603
0.0166508
0.0170878
0.0175821
0.017887
0.0180827
0.0184343
0.0189346
0.0193476
0.0196354
0.0199825
0.0204401
0.0208949
0.0213059
0.0217248
0.0221692
0.0226217
0.0230938
0.0235995
0.0241037
0.0245675
0.0250251
0.0255298
0.026072
0.0265877
0.0270782
0.0275997
0.0281735
0.0287454
0.0293008
0.0298736
0.0304853
0.0311092
0.0317167
0.0323378
0.032985
0.0336438
0.0342896
0.0349504
0.0356256
0.0363296
0.0370473
0.0377848
0.0385336
0.0392988
0.0400601
0.040843
0.0416291
0.0424345
0.0432628
0.0441026
0.0449563
0.0458205
0.0467142
0.0476134
0.0485492
0.0494864
0.0504629
0.0514395
0.0524514
0.0534871
0.0545315
0.0556117
0.0567015
0.0578247
0.0589712
0.0601262
0.0613124
0.0624819
0.0637077
0.0649398
0.0661876
0.0674592
0.0687327
0.0699877
0.0712178
0.0723737
0.0732188
0.0116157
0.0117066
0.0125356
0.0136217
0.0143193
0.0143681
0.0139637
0.0137497
0.0139561
0.0140804
0.0140097
0.0140431
0.0140584
0.0139495
0.0140821
0.0145998
0.01507
0.015165
0.0151828
0.0155451
0.016107
0.0164341
0.0165042
0.0166749
0.0171186
0.0176226
0.0179264
0.0181086
0.0184491
0.0189573
0.01938
0.0196599
0.0199972
0.0204568
0.0209155
0.0213249
0.0217414
0.0221835
0.0226331
0.0231037
0.0236089
0.0241126
0.0245746
0.0250292
0.0255336
0.0260794
0.0265971
0.0270847
0.0276043
0.0281805
0.0287537
0.0293058
0.0298764
0.0304903
0.0311147
0.0317193
0.0323392
0.032987
0.0336459
0.0342919
0.0349537
0.03563
0.0363339
0.0370505
0.0377872
0.0385349
0.039299
0.0400611
0.0408446
0.0416305
0.0424368
0.0432654
0.0441045
0.044958
0.045823
0.0467172
0.0476166
0.0485522
0.0494893
0.0504657
0.0514424
0.0524548
0.0534902
0.054534
0.0556144
0.056704
0.0578267
0.0589729
0.0601275
0.0613131
0.0624836
0.0637102
0.0649417
0.0661904
0.0674622
0.0687378
0.0699957
0.0712272
0.0723883
0.0732323
0.0115958
0.0116265
0.0124086
0.0135918
0.0144036
0.0144968
0.0140814
0.0137885
0.0140173
0.014268
0.0141681
0.0140933
0.0141383
0.0140742
0.0141441
0.0146105
0.0151141
0.0152484
0.015236
0.015553
0.0161406
0.0165107
0.0165597
0.0166948
0.0171459
0.0176683
0.0179691
0.0181348
0.0184651
0.0189798
0.0194122
0.0196868
0.0200135
0.0204736
0.0209365
0.0213446
0.0217583
0.0221985
0.0226451
0.0231138
0.0236187
0.0241221
0.0245824
0.0250338
0.0255376
0.0260871
0.0266071
0.0270916
0.0276089
0.0281876
0.0287624
0.0293112
0.0298792
0.0304955
0.0311205
0.0317221
0.0323407
0.0329892
0.0336482
0.0342943
0.0349571
0.0356344
0.0363381
0.0370536
0.0377897
0.0385364
0.0392993
0.0400621
0.0408464
0.0416318
0.0424391
0.0432682
0.0441065
0.0449599
0.0458257
0.0467204
0.0476199
0.0485553
0.0494922
0.0504686
0.0514453
0.0524584
0.0534933
0.0545366
0.0556171
0.0567065
0.0578288
0.0589747
0.0601287
0.0613139
0.0624855
0.0637128
0.0649437
0.0661935
0.0674656
0.0687431
0.0700041
0.0712369
0.072403
0.0732465
0.0116025
0.0115882
0.012286
0.013515
0.0144752
0.0146439
0.0142242
0.0138393
0.0140281
0.0144199
0.0143722
0.0141682
0.0141793
0.0141875
0.0142396
0.0146368
0.01514
0.0153212
0.015308
0.0155704
0.0161557
0.0165831
0.0166318
0.0167162
0.0171641
0.0177173
0.0180191
0.0181612
0.0184802
0.0190034
0.0194446
0.0197146
0.0200317
0.0204909
0.0209578
0.0213649
0.0217756
0.0222139
0.022658
0.0231245
0.0236288
0.0241323
0.0245911
0.0250388
0.0255418
0.0260951
0.0266175
0.0270989
0.0276135
0.0281947
0.0287715
0.029317
0.029882
0.0305006
0.0311266
0.0317252
0.0323423
0.0329917
0.0336508
0.0342968
0.0349606
0.0356388
0.0363424
0.0370569
0.0377923
0.038538
0.0392997
0.0400634
0.0408483
0.0416331
0.0424414
0.043271
0.0441085
0.0449618
0.0458284
0.0467237
0.0476233
0.0485585
0.0494953
0.0504717
0.0514483
0.052462
0.0534966
0.0545393
0.05562
0.0567091
0.057831
0.0589767
0.0601301
0.0613149
0.0624875
0.0637155
0.0649458
0.0661968
0.0674694
0.0687485
0.0700131
0.071247
0.0724179
0.0732614
0.0116337
0.0115885
0.01219
0.013399
0.0145081
0.0148009
0.0143955
0.0139203
0.0140097
0.0145081
0.0145955
0.0142963
0.0142031
0.014265
0.01435
0.0146939
0.0151643
0.0153727
0.0153849
0.0156096
0.016162
0.0166383
0.0167178
0.016749
0.0171707
0.0177632
0.0180799
0.0181909
0.0184918
0.0190274
0.0194793
0.0197428
0.0200506
0.0205095
0.0209796
0.0213856
0.0217932
0.0222296
0.0226717
0.0231361
0.0236392
0.0241429
0.0246007
0.0250446
0.025546
0.0261032
0.0266285
0.0271067
0.0276183
0.0282017
0.0287809
0.0293232
0.0298849
0.0305058
0.031133
0.0317286
0.0323441
0.0329943
0.0336537
0.0342994
0.0349641
0.0356433
0.0363467
0.0370602
0.037795
0.0385397
0.0393003
0.0400649
0.0408503
0.0416345
0.0424438
0.0432739
0.0441107
0.0449639
0.0458312
0.0467271
0.0476268
0.0485618
0.0494984
0.0504749
0.0514515
0.0524658
0.0534999
0.0545421
0.0556229
0.0567118
0.0578333
0.0589788
0.0601316
0.0613159
0.0624895
0.0637184
0.0649479
0.0662002
0.0674735
0.0687542
0.0700224
0.0712575
0.072433
0.0732768
0.011686
0.0116226
0.0121338
0.0132693
0.0144842
0.0149476
0.0145939
0.0140436
0.0139915
0.0145227
0.0148
0.0144877
0.0142418
0.0142999
0.014449
0.0147792
0.0152073
0.0154084
0.0154481
0.0156697
0.0161771
0.0166709
0.016805
0.0168025
0.0171708
0.017797
0.018151
0.0182301
0.018499
0.0190487
0.0195177
0.0197725
0.0200687
0.0205291
0.021003
0.021407
0.0218109
0.0222455
0.022686
0.0231486
0.0236501
0.0241538
0.024611
0.0250511
0.0255503
0.0261113
0.0266402
0.0271152
0.0276231
0.0282086
0.0287906
0.0293299
0.029888
0.030511
0.0311396
0.0317324
0.032346
0.0329971
0.0336568
0.0343021
0.0349677
0.0356479
0.0363511
0.0370636
0.0377978
0.0385415
0.0393011
0.0400666
0.0408524
0.0416359
0.0424462
0.0432768
0.044113
0.0449662
0.0458341
0.0467306
0.0476304
0.0485653
0.0495017
0.0504782
0.0514548
0.0524696
0.0535033
0.0545449
0.055626
0.0567145
0.0578356
0.058981
0.0601331
0.0613171
0.0624916
0.0637215
0.0649503
0.0662038
0.067478
0.06876
0.0700322
0.0712684
0.0724482
0.0732927
0.0117486
0.0116893
0.0121185
0.0131508
0.0144063
0.0150583
0.0148077
0.0142127
0.014003
0.0144797
0.0149468
0.0147237
0.0143298
0.01431
0.014513
0.0148728
0.0152817
0.0154491
0.0154857
0.0157314
0.0162163
0.0166916
0.0168765
0.0168764
0.0171772
0.0178124
0.018225
0.0182853
0.0185045
0.0190633
0.0195597
0.0198068
0.0200853
0.0205477
0.0210287
0.0214298
0.0218286
0.0222613
0.0227007
0.0231621
0.0236619
0.0241652
0.0246222
0.0250586
0.0255549
0.0261193
0.0266523
0.0271243
0.027628
0.0282154
0.0288006
0.029337
0.0298912
0.0305162
0.0311465
0.0317365
0.032348
0.0330001
0.0336603
0.034305
0.0349713
0.0356525
0.0363554
0.0370671
0.0378008
0.0385435
0.0393021
0.0400684
0.0408546
0.0416374
0.0424487
0.0432798
0.0441154
0.0449686
0.0458371
0.0467341
0.0476341
0.0485688
0.0495051
0.0504817
0.0514583
0.0524736
0.0535068
0.0545478
0.0556292
0.0567174
0.057838
0.0589833
0.0601347
0.0613184
0.0624938
0.0637247
0.0649528
0.0662075
0.0674829
0.068766
0.0700424
0.0712798
0.0724636
0.0733092
0.0118034
0.0117863
0.0121416
0.0130598
0.0142957
0.0151134
0.0150169
0.0144213
0.0140655
0.0144125
0.0150107
0.0149664
0.0144873
0.0143254
0.0145354
0.0149496
0.0153808
0.0155182
0.0155078
0.0157716
0.0162781
0.0167225
0.0169242
0.0169564
0.0172026
0.0178124
0.0182902
0.0183583
0.0185152
0.0190675
0.0196019
0.0198482
0.0201019
0.0205634
0.021056
0.0214555
0.0218465
0.0222765
0.0227157
0.0231764
0.0236747
0.0241772
0.0246339
0.0250669
0.0255598
0.0261273
0.0266649
0.0271344
0.0276333
0.028222
0.0288108
0.0293447
0.0298944
0.0305214
0.0311537
0.031741
0.0323502
0.0330033
0.0336641
0.0343081
0.034975
0.0356571
0.0363598
0.0370706
0.0378039
0.0385456
0.0393032
0.0400704
0.040857
0.041639
0.0424513
0.0432829
0.0441179
0.044971
0.0458402
0.0467378
0.047638
0.0485725
0.0495086
0.0504853
0.0514618
0.0524777
0.0535104
0.0545509
0.0556325
0.0567204
0.0578405
0.0589858
0.0601364
0.0613199
0.0624962
0.063728
0.0649555
0.0662114
0.0674883
0.0687723
0.0700529
0.0712916
0.0724791
0.0733261
0.01183
0.0119038
0.0122034
0.0130029
0.0141749
0.0151105
0.0151984
0.014655
0.0141864
0.0143578
0.014994
0.0151712
0.014706
0.0143792
0.0145305
0.014988
0.0154811
0.0156276
0.0155408
0.0157761
0.0163383
0.0167836
0.0169606
0.0170229
0.0172503
0.0178116
0.018337
0.018444
0.0185407
0.0190621
0.0196388
0.0198979
0.0201215
0.0205747
0.0210827
0.0214851
0.0218659
0.0222907
0.0227305
0.0231914
0.0236883
0.0241901
0.0246464
0.0250758
0.0255648
0.026135
0.0266778
0.0271452
0.0276389
0.0282284
0.0288212
0.0293529
0.0298978
0.0305265
0.0311613
0.031746
0.0323524
0.0330065
0.0336682
0.0343114
0.0349787
0.0356617
0.0363641
0.0370742
0.0378072
0.0385479
0.0393045
0.0400727
0.0408596
0.0416406
0.0424538
0.043286
0.0441206
0.0449737
0.0458433
0.0467416
0.0476419
0.0485763
0.0495123
0.0504891
0.0514656
0.0524819
0.053514
0.054554
0.0556359
0.0567235
0.057843
0.0589885
0.0601381
0.0613216
0.0624987
0.0637314
0.0649584
0.0662153
0.0674941
0.0687789
0.0700637
0.071304
0.0724947
0.0733435
0.0118146
0.0120233
0.0123034
0.0129845
0.0140609
0.0150603
0.0153338
0.0148939
0.0143607
0.0143476
0.0149263
0.0153018
0.014953
0.0144962
0.014525
0.0149842
0.0155559
0.0157663
0.0156127
0.0157565
0.0163666
0.0168724
0.0170117
0.0170642
0.0173042
0.0178251
0.0183648
0.0185292
0.018587
0.0190536
0.0196648
0.0199541
0.020148
0.0205823
0.0211064
0.0215181
0.0218889
0.0223045
0.0227441
0.0232071
0.0237031
0.0242039
0.0246599
0.0250856
0.0255702
0.0261428
0.0266911
0.0271569
0.0276449
0.0282346
0.0288319
0.0293617
0.0299013
0.0305314
0.0311693
0.0317516
0.0323548
0.0330099
0.0336726
0.0343149
0.0349827
0.0356665
0.0363685
0.0370777
0.0378106
0.0385503
0.039306
0.0400751
0.0408623
0.0416424
0.0424564
0.0432891
0.0441235
0.0449765
0.0458465
0.0467456
0.047646
0.0485802
0.049516
0.0504929
0.0514695
0.0524862
0.0535178
0.0545573
0.0556394
0.0567267
0.0578457
0.0589912
0.0601399
0.0613235
0.0625014
0.0637349
0.0649617
0.0662194
0.0675004
0.0687858
0.0700747
0.0713169
0.0725104
0.0733612
0.0117545
0.0121226
0.0124319
0.0130111
0.0139675
0.0149778
0.0154148
0.0151161
0.0145723
0.014398
0.0148457
0.0153475
0.015186
0.0146773
0.0145495
0.0149527
0.0155852
0.0159067
0.0157393
0.0157452
0.0163446
0.0169611
0.0171027
0.0170949
0.0173417
0.0178573
0.0183879
0.0186009
0.0186509
0.0190518
0.0196769
0.0200117
0.0201843
0.020588
0.021125
0.0215527
0.0219161
0.022319
0.022756
0.0232226
0.0237191
0.0242186
0.0246745
0.0250964
0.0255757
0.0261504
0.0267048
0.0271696
0.0276513
0.0282404
0.0288427
0.0293714
0.029905
0.030536
0.0311776
0.0317579
0.0323574
0.0330132
0.0336771
0.0343187
0.0349868
0.0356713
0.036373
0.0370813
0.0378141
0.0385529
0.0393077
0.0400777
0.0408651
0.0416443
0.0424591
0.0432923
0.0441265
0.0449794
0.0458497
0.0467496
0.0476502
0.0485842
0.0495199
0.0504969
0.0514735
0.0524907
0.0535215
0.0545607
0.0556431
0.05673
0.0578485
0.0589942
0.0601418
0.0613255
0.0625043
0.0637385
0.0649652
0.0662237
0.0675071
0.068793
0.0700859
0.0713303
0.0725263
0.0733791
0.0116565
0.0121856
0.0125704
0.0130841
0.0139096
0.0148793
0.015443
0.0153028
0.0148002
0.0145084
0.0147886
0.0153265
0.0153662
0.0148986
0.0146274
0.014918
0.0155656
0.0160183
0.0159088
0.0157764
0.016283
0.0170127
0.0172331
0.0171467
0.0173504
0.0178919
0.0184237
0.0186581
0.0187202
0.0190657
0.0196789
0.0200641
0.0202319
0.0205957
0.0211376
0.0215872
0.0219478
0.022336
0.0227666
0.0232366
0.023736
0.0242346
0.0246902
0.0251084
0.0255814
0.0261575
0.0267188
0.0271834
0.0276581
0.0282458
0.0288538
0.0293819
0.0299088
0.0305401
0.0311863
0.031765
0.0323603
0.0330165
0.0336819
0.0343228
0.034991
0.0356762
0.0363775
0.037085
0.0378178
0.0385557
0.0393096
0.0400806
0.0408681
0.0416463
0.0424618
0.0432956
0.0441298
0.0449825
0.045853
0.0467538
0.0476545
0.0485883
0.0495239
0.050501
0.0514778
0.0524953
0.0535254
0.0545642
0.0556468
0.0567335
0.0578515
0.0589972
0.0601438
0.0613277
0.0625074
0.0637422
0.0649691
0.0662282
0.0675141
0.0688006
0.0700973
0.0713442
0.0725424
0.0733974
0.0115341
0.0122063
0.0126983
0.0131917
0.0138993
0.0147854
0.0154273
0.0154433
0.015022
0.0146648
0.0147779
0.0152699
0.0154753
0.0151252
0.0147639
0.0149081
0.0155134
0.0160783
0.016091
0.0158714
0.0162169
0.0170006
0.0173702
0.0172487
0.0173453
0.0179024
0.0184769
0.0187153
0.0187818
0.0190943
0.0196797
0.0201051
0.0202878
0.0206095
0.0211435
0.0216199
0.0219842
0.0223566
0.0227775
0.0232489
0.0237526
0.024252
0.0247071
0.0251215
0.0255875
0.0261641
0.0267331
0.0271984
0.0276654
0.0282507
0.028865
0.0293936
0.0299129
0.0305437
0.0311951
0.0317728
0.0323634
0.0330198
0.0336868
0.0343271
0.0349956
0.0356813
0.0363821
0.0370887
0.0378215
0.0385586
0.0393117
0.0400837
0.0408713
0.0416485
0.0424646
0.0432989
0.0441334
0.0449858
0.0458563
0.0467582
0.047659
0.0485925
0.049528
0.0505053
0.051482
0.0525
0.0535293
0.0545679
0.0556506
0.0567371
0.0578545
0.0590004
0.0601459
0.0613299
0.0625108
0.0637458
0.0649733
0.0662328
0.0675214
0.0688087
0.0701088
0.0713586
0.0725586
0.0734158
0.0114021
0.0121891
0.0128007
0.0133143
0.0139368
0.0147173
0.0153824
0.0155358
0.0152195
0.0148465
0.0148202
0.0152095
0.0155181
0.0153223
0.0149419
0.0149441
0.0154532
0.0160822
0.0162529
0.0160256
0.0161857
0.0169317
0.0174722
0.0174037
0.0173621
0.0178727
0.0185281
0.0187913
0.0188346
0.0191267
0.0196892
0.0201355
0.0203455
0.0206337
0.0211436
0.0216463
0.0220244
0.0223807
0.0227889
0.0232604
0.0237683
0.0242704
0.0247259
0.0251362
0.0255938
0.02617
0.0267476
0.0272148
0.0276734
0.0282549
0.0288761
0.0294065
0.0299175
0.0305466
0.0312041
0.0317817
0.0323669
0.0330229
0.0336919
0.0343318
0.0350001
0.0356863
0.0363868
0.0370924
0.0378253
0.0385617
0.0393141
0.040087
0.0408745
0.0416508
0.0424674
0.0433022
0.0441372
0.0449891
0.0458596
0.0467626
0.0476636
0.0485969
0.0495323
0.0505097
0.0514865
0.0525048
0.0535333
0.0545718
0.0556544
0.0567408
0.0578577
0.0590037
0.0601482
0.0613323
0.0625146
0.0637496
0.0649778
0.0662378
0.067529
0.0688172
0.0701204
0.0713734
0.0725752
0.0734343
0.0112719
0.0121427
0.0128733
0.0134348
0.0140086
0.0146878
0.015327
0.0155848
0.0153825
0.0150326
0.0149092
0.0151714
0.0155142
0.0154694
0.0151344
0.0150298
0.0154104
0.0160421
0.0163672
0.0162107
0.0162178
0.0168419
0.0175073
0.0175788
0.0174366
0.0178184
0.0185457
0.0188906
0.0188944
0.0191493
0.0197075
0.0201634
0.0203984
0.0206705
0.0211447
0.0216638
0.0220677
0.0224103
0.0228002
0.0232714
0.0237832
0.0242883
0.0247465
0.0251529
0.0256007
0.0261747
0.0267617
0.0272327
0.0276822
0.0282581
0.0288871
0.0294208
0.0299228
0.0305487
0.0312129
0.0317913
0.0323709
0.0330261
0.0336972
0.0343369
0.0350049
0.0356915
0.0363917
0.0370962
0.0378291
0.0385651
0.0393167
0.0400904
0.0408781
0.0416533
0.0424701
0.0433056
0.0441414
0.0449927
0.045863
0.0467672
0.0476682
0.0486014
0.0495367
0.0505141
0.0514911
0.0525098
0.0535373
0.0545759
0.0556584
0.0567446
0.0578611
0.0590071
0.0601508
0.0613347
0.0625186
0.0637533
0.0649826
0.0662431
0.0675368
0.0688263
0.0701322
0.0713886
0.072592
0.0734529
0.0111525
0.0120753
0.0129162
0.013545
0.0140998
0.0146983
0.0152818
0.0156001
0.015507
0.0152054
0.0150289
0.0151713
0.0154883
0.0155649
0.0153161
0.0151535
0.0154043
0.0159815
0.0164229
0.0163927
0.0163139
0.0167714
0.0174757
0.0177293
0.0175788
0.0177805
0.0185094
0.0189925
0.0189834
0.0191608
0.0197224
0.0201966
0.0204431
0.0207132
0.0211532
0.0216706
0.0221091
0.0224489
0.0228119
0.0232802
0.0237985
0.0243051
0.0247675
0.0251727
0.0256088
0.0261785
0.0267754
0.0272524
0.0276923
0.0282602
0.0288974
0.0294367
0.0299291
0.0305502
0.0312216
0.031802
0.0323754
0.033029
0.0337026
0.0343421
0.0350098
0.0356967
0.0363966
0.0371001
0.0378332
0.0385686
0.0393196
0.0400938
0.0408818
0.0416562
0.0424727
0.043309
0.0441458
0.0449964
0.0458664
0.046772
0.0476727
0.048606
0.0495413
0.0505188
0.0514959
0.0525149
0.0535414
0.0545803
0.0556624
0.0567483
0.0578646
0.0590104
0.0601535
0.0613373
0.062523
0.0637573
0.0649876
0.0662489
0.0675447
0.0688358
0.0701441
0.0714039
0.0726091
0.0734716
0.011054
0.0119966
0.0129284
0.0136379
0.0141986
0.01474
0.0152607
0.0155965
0.0155944
0.015355
0.0151599
0.0152102
0.015464
0.0156168
0.0154716
0.0152971
0.0154414
0.0159265
0.0164275
0.0165435
0.016453
0.0167497
0.0174077
0.0178175
0.0177563
0.0177986
0.0184303
0.0190605
0.0191104
0.0191803
0.0197203
0.0202372
0.0204866
0.0207537
0.0211732
0.0216715
0.0221414
0.0224977
0.0228295
0.0232848
0.0238146
0.0243228
0.024787
0.0251948
0.0256191
0.0261807
0.0267877
0.0272739
0.0277045
0.0282615
0.0289065
0.029454
0.0299368
0.0305508
0.0312297
0.0318134
0.0323802
0.0330321
0.0337083
0.034348
0.0350148
0.0357019
0.0364018
0.0371039
0.0378372
0.0385725
0.0393227
0.0400973
0.0408857
0.0416592
0.0424753
0.0433125
0.0441506
0.0450002
0.0458698
0.0467769
0.0476774
0.0486108
0.049546
0.0505236
0.0515008
0.0525201
0.0535455
0.0545848
0.0556665
0.0567523
0.0578685
0.0590139
0.0601566
0.06134
0.0625276
0.0637613
0.0649927
0.0662552
0.0675527
0.0688458
0.0701563
0.0714194
0.0726265
0.0734904
0.0109875
0.0119215
0.0129148
0.0137059
0.0142957
0.0148025
0.0152662
0.0155896
0.0156502
0.0154771
0.0152858
0.015275
0.0154559
0.015637
0.0155922
0.0154419
0.0155123
0.0158961
0.0163982
0.016647
0.0166077
0.016784
0.0173425
0.0178397
0.0179248
0.0178899
0.01835
0.019066
0.0192547
0.019234
0.0196983
0.0202731
0.0205392
0.0207884
0.0212008
0.0216751
0.0221581
0.0225493
0.0228586
0.0232843
0.0238276
0.0243446
0.0248056
0.0252175
0.0256334
0.0261821
0.0267974
0.0272961
0.0277184
0.0282618
0.028914
0.0294724
0.0299465
0.0305509
0.0312374
0.0318259
0.0323855
0.0330346
0.0337141
0.0343543
0.0350198
0.0357071
0.0364073
0.0371078
0.0378414
0.0385767
0.0393259
0.0401008
0.0408898
0.0416626
0.0424779
0.0433159
0.0441558
0.0450042
0.0458731
0.0467818
0.0476821
0.0486157
0.0495506
0.0505284
0.0515058
0.0525254
0.0535498
0.0545894
0.0556707
0.0567561
0.0578727
0.0590171
0.0601598
0.061343
0.0625326
0.0637656
0.0649979
0.066262
0.0675607
0.0688562
0.0701689
0.071435
0.072644
0.0735092
0.01096
0.0118637
0.0128865
0.0137464
0.0143824
0.0148766
0.0152943
0.0155908
0.0156838
0.0155719
0.0153988
0.0153511
0.01547
0.0156425
0.0156776
0.0155765
0.0156041
0.0158993
0.0163584
0.0167007
0.0167524
0.0168602
0.0173066
0.01782
0.0180461
0.0180318
0.0183111
0.0190105
0.0193777
0.0193363
0.0196728
0.0202864
0.0206026
0.0208229
0.0212284
0.0216899
0.0221643
0.0225944
0.0229031
0.0232841
0.0238308
0.0243695
0.0248264
0.0252385
0.0256513
0.0261854
0.0268048
0.0273198
0.0277358
0.0282622
0.0289196
0.0294914
0.029958
0.0305504
0.0312441
0.0318392
0.0323917
0.033037
0.0337202
0.0343615
0.035025
0.0357122
0.0364128
0.0371117
0.0378456
0.0385812
0.0393293
0.0401043
0.040894
0.0416663
0.0424803
0.0433195
0.0441614
0.0450083
0.0458764
0.0467871
0.047687
0.0486208
0.0495555
0.0505336
0.0515111
0.0525307
0.0535541
0.054594
0.055675
0.0567599
0.0578773
0.0590203
0.0601632
0.0613463
0.0625375
0.0637702
0.0650033
0.0662693
0.067569
0.0688668
0.0701817
0.0714507
0.0726617
0.0735281
0.0109601
0.0118299
0.0128577
0.0137649
0.0144523
0.0149539
0.0153395
0.0156065
0.0157081
0.0156422
0.0154956
0.0154269
0.0155002
0.0156471
0.015732
0.0156923
0.0157039
0.0159325
0.0163295
0.0167148
0.0168698
0.0169601
0.0173084
0.0177899
0.01811
0.0181836
0.0183395
0.0189302
0.0194467
0.0194756
0.0196735
0.0202707
0.0206662
0.0208668
0.0212496
0.0217138
0.0221703
0.0226262
0.0229594
0.0232956
0.0238223
0.0243915
0.0248543
0.0252577
0.0256682
0.0261906
0.0268091
0.0273419
0.027756
0.028263
0.0289232
0.0295111
0.0299719
0.03055
0.0312497
0.0318532
0.0323988
0.0330388
0.0337259
0.0343692
0.0350304
0.0357171
0.0364185
0.0371159
0.0378501
0.0385861
0.039333
0.0401078
0.0408985
0.0416701
0.0424824
0.0433232
0.0441673
0.0450126
0.0458796
0.0467924
0.0476918
0.048626
0.0495603
0.0505388
0.0515164
0.0525361
0.0535588
0.0545989
0.0556798
0.0567638
0.0578823
0.0590235
0.0601667
0.06135
0.0625424
0.0637751
0.0650086
0.066277
0.0675774
0.0688774
0.0701951
0.0714665
0.0726793
0.0735469
0.0109852
0.0118222
0.0128407
0.0137727
0.0145027
0.0150254
0.0153935
0.015636
0.0157334
0.0156949
0.0155758
0.0154969
0.0155367
0.0156566
0.0157643
0.0157837
0.0158027
0.0159851
0.0163238
0.0167084
0.0169519
0.0170679
0.0173424
0.0177734
0.0181337
0.0183081
0.0184241
0.0188653
0.0194495
0.0196158
0.0197196
0.020238
0.0207125
0.020925
0.0212666
0.0217364
0.0221822
0.0226432
0.0230148
0.0233255
0.0238085
0.024401
0.0248904
0.0252828
0.0256821
0.0261972
0.0268139
0.0273625
0.027779
0.028265
0.028924
0.0295306
0.0299882
0.0305494
0.0312541
0.0318678
0.0324072
0.0330407
0.0337315
0.0343778
0.0350363
0.0357218
0.0364241
0.0371199
0.0378546
0.0385912
0.039337
0.0401112
0.0409031
0.0416744
0.0424844
0.043327
0.0441736
0.045017
0.0458828
0.0467978
0.0476968
0.0486313
0.0495653
0.050544
0.051522
0.0525414
0.0535634
0.0546035
0.0556844
0.0567674
0.0578874
0.0590268
0.0601704
0.0613543
0.0625473
0.0637806
0.0650142
0.0662852
0.0675861
0.0688881
0.0702087
0.0714822
0.0726969
0.0735657
0.0110294
0.0118371
0.0128402
0.0137814
0.0145372
0.0150833
0.0154469
0.0156723
0.0157621
0.0157363
0.0156403
0.0155597
0.0155739
0.0156705
0.0157846
0.0158498
0.0158924
0.0160462
0.0163386
0.0166983
0.016998
0.0171662
0.017396
0.0177762
0.0181413
0.0183896
0.0185335
0.0188478
0.0194083
0.019722
0.019809
0.0202126
0.0207312
0.0209915
0.0212909
0.0217533
0.0222019
0.0226557
0.0230602
0.0233718
0.0238026
0.024393
0.0249251
0.0253209
0.0256954
0.0261998
0.0268196
0.0273827
0.0278034
0.0282691
0.0289224
0.0295491
0.0300074
0.0305492
0.0312564
0.0318827
0.0324169
0.0330422
0.0337362
0.0343867
0.0350429
0.0357266
0.0364297
0.0371243
0.0378593
0.0385969
0.0393411
0.0401145
0.0409078
0.0416789
0.0424862
0.043331
0.0441804
0.0450215
0.0458858
0.0468036
0.0477021
0.0486368
0.0495704
0.0505491
0.0515277
0.0525465
0.0535685
0.0546081
0.0556894
0.0567716
0.0578928
0.0590302
0.0601738
0.061359
0.0625519
0.0637861
0.06502
0.0662935
0.0675952
0.0688988
0.0702228
0.0714982
0.0727142
0.0735844
0.0110824
0.011869
0.0128543
0.0137942
0.0145616
0.0151253
0.0154926
0.0157078
0.0157919
0.0157705
0.0156904
0.0156127
0.0156083
0.0156848
0.0157976
0.0158939
0.0159663
0.0161077
0.0163665
0.0166974
0.01702
0.0172456
0.0174615
0.0177956
0.0181517
0.0184378
0.018637
0.0188832
0.0193601
0.0197772
0.0199194
0.0202164
0.0207271
0.0210522
0.021328
0.0217653
0.0222224
0.0226706
0.0230931
0.0234225
0.0238133
0.0243732
0.0249442
0.0253705
0.0257173
0.026195
0.0268224
0.0274051
0.0278301
0.0282754
0.0289188
0.0295662
0.0300304
0.03055
0.0312561
0.0318977
0.0324286
0.0330439
0.0337403
0.034396
0.03505
0.0357314
0.036435
0.0371283
0.0378638
0.0386028
0.0393455
0.0401176
0.0409126
0.041684
0.0424876
0.043335
0.0441874
0.0450261
0.0458888
0.0468093
0.0477074
0.0486423
0.0495757
0.0505544
0.0515341
0.0525519
0.0535741
0.0546129
0.0556944
0.0567759
0.0578981
0.0590337
0.0601772
0.0613641
0.0625567
0.0637918
0.0650262
0.0663018
0.0676045
0.0689096
0.0702369
0.0715141
0.0727313
0.0736029
0.0111456
0.0119156
0.0128828
0.0138116
0.0145817
0.0151545
0.015528
0.0157376
0.0158181
0.0157978
0.015727
0.0156543
0.0156378
0.015698
0.0158055
0.0159228
0.0160241
0.0161666
0.0164026
0.016709
0.0170328
0.0173015
0.0175297
0.0178274
0.0181693
0.0184687
0.0187125
0.0189476
0.019332
0.0197853
0.0200199
0.0202539
0.0207156
0.0210971
0.0213752
0.0217796
0.0222386
0.0226884
0.02312
0.0234689
0.0238413
0.024358
0.0249418
0.0254196
0.0257577
0.0261881
0.0268136
0.0274279
0.0278616
0.028283
0.0289116
0.0295806
0.0300569
0.0305527
0.0312527
0.0319122
0.0324432
0.0330464
0.0337433
0.0344051
0.0350578
0.0357367
0.0364406
0.0371326
0.0378681
0.0386091
0.0393503
0.0401204
0.0409176
0.0416896
0.0424889
0.0433393
0.0441949
0.0450306
0.0458919
0.0468148
0.0477131
0.0486479
0.0495811
0.0505591
0.05154
0.0525566
0.0535793
0.0546174
0.0556992
0.0567807
0.0579035
0.0590378
0.0601807
0.0613699
0.0625616
0.0637976
0.065033
0.0663101
0.0676143
0.0689204
0.070251
0.0715302
0.0727481
0.073621
0.0112128
0.01197
0.012911
0.0138313
0.0145999
0.0151745
0.0155518
0.0157581
0.0158356
0.015816
0.0157488
0.0156812
0.0156581
0.015707
0.0158079
0.015939
0.0160671
0.0162185
0.0164413
0.0167284
0.0170449
0.017337
0.0175893
0.0178667
0.0181905
0.0184952
0.0187627
0.0190165
0.0193378
0.0197704
0.0200909
0.0203145
0.0207124
0.0211261
0.0214249
0.0218012
0.0222531
0.0227054
0.0231456
0.0235092
0.023876
0.0243576
0.0249264
0.0254522
0.0258164
0.0261943
0.0267904
0.0274441
0.0279024
0.0282957
0.0288994
0.029591
0.0300876
0.0305583
0.0312449
0.0319244
0.0324601
0.0330499
0.0337449
0.0344138
0.035066
0.0357421
0.0364462
0.0371371
0.0378722
0.0386157
0.0393556
0.040123
0.0409227
0.0416953
0.0424898
0.0433435
0.0442026
0.045035
0.0458954
0.0468207
0.0477192
0.0486533
0.0495866
0.0505644
0.0515465
0.052562
0.0535853
0.0546226
0.055704
0.0567857
0.0579083
0.0590416
0.060184
0.0613756
0.0625665
0.0638034
0.0650401
0.0663184
0.0676242
0.0689316
0.0702654
0.0715462
0.0727647
0.0736391
0.0112823
0.0120367
0.0129642
0.0138623
0.0146189
0.0151876
0.0155627
0.0157655
0.0158391
0.0158207
0.0157546
0.0156908
0.015665
0.0157076
0.0158046
0.0159439
0.0160964
0.0162618
0.01648
0.0167535
0.0170617
0.0173625
0.0176358
0.0179097
0.0182146
0.0185216
0.0187997
0.0190725
0.0193684
0.0197555
0.020127
0.0203803
0.0207242
0.0211438
0.0214703
0.0218278
0.0222685
0.0227192
0.0231681
0.0235478
0.0239111
0.0243701
0.0249132
0.0254609
0.0258769
0.0262266
0.0267608
0.0274417
0.0279516
0.0283211
0.0288823
0.0295942
0.0301228
0.0305695
0.0312341
0.031934
0.0324802
0.0330556
0.0337453
0.0344215
0.0350741
0.0357475
0.036452
0.0371417
0.0378752
0.038622
0.0393612
0.0401251
0.040928
0.0417017
0.042491
0.0433478
0.0442102
0.0450395
0.0458986
0.0468255
0.0477251
0.0486586
0.0495922
0.0505697
0.0515527
0.052567
0.0535905
0.0546273
0.0557085
0.056791
0.0579134
0.0590458
0.0601879
0.0613816
0.0625714
0.063809
0.0650475
0.0663263
0.0676339
0.0689425
0.0702789
0.0715618
0.0727808
0.0736563
0.0113536
0.0121073
0.0130227
0.0138986
0.0146343
0.0151877
0.015553
0.015751
0.0158207
0.0158039
0.0157402
0.0156801
0.0156556
0.0156964
0.0157951
0.0159405
0.0161136
0.0162978
0.0165182
0.0167834
0.0170829
0.0173848
0.0176698
0.0179497
0.0182414
0.0185464
0.018832
0.0191135
0.0194071
0.0197543
0.0201389
0.0204373
0.0207522
0.0211583
0.0215102
0.0218581
0.0222856
0.0227311
0.0231825
0.0235829
0.0239461
0.0243862
0.0249099
0.0254543
0.0259209
0.0262826
0.0267414
0.0274124
0.027996
0.0283652
0.0288639
0.0295854
0.0301606
0.0305886
0.0312209
0.0319387
0.0325028
0.0330651
0.0337454
0.0344288
0.0350833
0.0357534
0.0364592
0.0371477
0.0378783
0.0386287
0.0393677
0.0401269
0.0409334
0.0417082
0.0424921
0.0433516
0.0442178
0.0450442
0.0459034
0.0468312
0.0477314
0.0486644
0.0495983
0.0505754
0.0515591
0.0525727
0.0535965
0.0546332
0.0557134
0.0567969
0.0579184
0.05905
0.060192
0.0613879
0.062577
0.0638152
0.0650559
0.066335
0.0676442
0.0689545
0.0702933
0.0715778
0.072797
0.0736737
0.0114391
0.012189
0.0130932
0.0139458
0.0146548
0.0151839
0.0155251
0.0157107
0.0157707
0.0157523
0.0156915
0.0156376
0.0156211
0.0156673
0.0157733
0.0159277
0.0161187
0.0163248
0.0165538
0.0168149
0.0171058
0.0174046
0.017693
0.0179797
0.0182673
0.0185682
0.0188609
0.0191448
0.0194418
0.0197661
0.0201394
0.0204774
0.0207904
0.0211742
0.0215437
0.0218912
0.0223043
0.0227451
0.0231929
0.023613
0.0239849
0.0244029
0.0249117
0.0254455
0.0259415
0.0263463
0.0267483
0.0273654
0.0280203
0.0284283
0.0288526
0.0295596
0.0301944
0.0306158
0.0312053
0.0319351
0.0325247
0.0330769
0.0337432
0.0344327
0.0350909
0.0357574
0.036465
0.0371536
0.0378801
0.0386343
0.0393743
0.0401283
0.0409386
0.0417152
0.0424937
0.0433552
0.0442246
0.0450491
0.0459076
0.0468348
0.0477365
0.0486692
0.0496036
0.050581
0.0515647
0.0525776
0.0536014
0.054638
0.0557175
0.056802
0.0579228
0.0590535
0.0601961
0.0613932
0.0625813
0.0638202
0.0650635
0.0663427
0.0676531
0.068965
0.0703059
0.0715928
0.0728124
0.0736895
0.0115284
0.0122581
0.0131428
0.0139729
0.0146595
0.0151674
0.0154945
0.0156587
0.0156973
0.0156726
0.0156158
0.0155727
0.015571
0.0156308
0.0157516
0.0159198
0.0161273
0.0163543
0.0165964
0.0168562
0.0171366
0.0174283
0.0177143
0.0180039
0.0182934
0.0185907
0.0188877
0.0191736
0.0194723
0.0197868
0.0201426
0.020504
0.0208341
0.0211985
0.0215738
0.0219279
0.0223254
0.0227609
0.0232037
0.0236371
0.0240294
0.0244275
0.0249173
0.0254465
0.0259487
0.0264008
0.0267886
0.0273222
0.0280144
0.0285055
0.0288678
0.0295236
0.0302229
0.0306588
0.0311961
0.0319264
0.0325491
0.0330966
0.0337446
0.0344375
0.0351004
0.0357628
0.0364728
0.037162
0.0378831
0.0386401
0.0393815
0.0401294
0.0409434
0.0417222
0.0424962
0.0433587
0.044231
0.0450545
0.0459143
0.0468399
0.0477429
0.0486753
0.0496098
0.0505878
0.0515708
0.0525834
0.0536076
0.0546443
0.0557231
0.0568085
0.0579281
0.059058
0.0602018
0.0614002
0.0625873
0.0638269
0.0650727
0.0663517
0.067663
0.068977
0.0703199
0.0716081
0.072828
0.073706
0.0116962
0.0123804
0.0132047
0.0139676
0.0145836
0.0150288
0.0153077
0.0154537
0.0155019
0.0154923
0.0154562
0.0154381
0.0154644
0.0155515
0.0157019
0.0158935
0.0161194
0.0163636
0.0166189
0.0168803
0.0171503
0.0174343
0.0177169
0.0180072
0.0183012
0.0185999
0.0189008
0.0191912
0.019492
0.0198029
0.0201449
0.0205141
0.0208658
0.0212231
0.021595
0.0219586
0.0223441
0.0227696
0.0232105
0.0236479
0.0240628
0.0244551
0.0249171
0.0254468
0.0259492
0.0264272
0.026843
0.0273002
0.0279691
0.0285629
0.028908
0.029477
0.0302252
0.0307071
0.031191
0.0319051
0.0325664
0.033117
0.033744
0.0344378
0.0351062
0.0357651
0.0364786
0.0371695
0.0378849
0.0386444
0.0393881
0.0401309
0.0409471
0.0417294
0.0424992
0.0433609
0.0442354
0.0450603
0.0459106
0.046842
0.0477476
0.0486801
0.0496149
0.0505945
0.051576
0.0525878
0.0536125
0.0546493
0.0557275
0.0568133
0.057932
0.0590608
0.0602061
0.0614049
0.0625911
0.0638319
0.0650803
0.0663596
0.0676713
0.0689873
0.070332
0.0716219
0.0728423
0.0737208
0.0119342
0.0125931
0.0133719
0.0140736
0.014617
0.0149917
0.0151959
0.0152643
0.0152594
0.0152525
0.0152621
0.0152975
0.0153736
0.0154994
0.0156812
0.0158953
0.0161326
0.0163827
0.0166416
0.0169048
0.0171661
0.0174426
0.0177215
0.0180102
0.0183079
0.0186097
0.0189156
0.0192129
0.0195173
0.019827
0.0201596
0.0205267
0.0208925
0.021254
0.0216213
0.0219903
0.0223713
0.0227834
0.0232242
0.0236641
0.0240924
0.0244966
0.024929
0.0254475
0.0259584
0.0264368
0.026895
0.0273249
0.0279202
0.0285895
0.0289821
0.0294543
0.0302052
0.0307601
0.0312056
0.0318801
0.0325793
0.033144
0.0337496
0.0344399
0.0351134
0.0357689
0.0364857
0.0371791
0.0378888
0.0386492
0.0393943
0.0401322
0.0409514
0.0417369
0.0425039
0.0433628
0.0442389
0.0450676
0.04592
0.0468457
0.0477532
0.0486858
0.0496202
0.0506013
0.0515817
0.0525925
0.0536183
0.0546554
0.0557331
0.0568191
0.057937
0.0590655
0.0602126
0.0614118
0.0625965
0.0638382
0.0650889
0.0663678
0.0676801
0.0689987
0.0703451
0.0716355
0.0728565
0.073736
0.0120728
0.0125401
0.0131159
0.013641
0.0140653
0.014391
0.0146219
0.0147836
0.014894
0.014957
0.0150453
0.0151736
0.0153305
0.0155042
0.0157052
0.0159244
0.0161547
0.0163974
0.0166478
0.0169083
0.0171646
0.0174347
0.0177119
0.0179993
0.0183008
0.0186056
0.0189191
0.0192258
0.0195355
0.0198472
0.0201745
0.0205363
0.020907
0.0212764
0.0216449
0.0220129
0.0223931
0.0227935
0.0232286
0.0236742
0.0241058
0.0245289
0.0249499
0.0254417
0.0259669
0.0264402
0.0269191
0.0273711
0.0278866
0.0285655
0.0290501
0.0294625
0.0301635
0.0307965
0.0312391
0.0318562
0.0325799
0.0331706
0.0337579
0.0344402
0.0351183
0.0357713
0.0364902
0.0371878
0.0378931
0.0386529
0.0394004
0.0401336
0.0409536
0.0417454
0.0425102
0.0433621
0.0442391
0.0450756
0.0459271
0.0468479
0.0477586
0.0486925
0.0496268
0.0506094
0.0515877
0.0525975
0.0536241
0.0546611
0.0557384
0.0568242
0.0579409
0.0590685
0.0602174
0.0614166
0.0626005
0.0638445
0.0650974
0.0663762
0.0676884
0.0690089
0.0703569
0.0716481
0.0728698
0.0737495
0.0137641
0.0136575
0.0134474
0.0133021
0.0132691
0.0133529
0.0135438
0.0138051
0.0141026
0.0144485
0.0147899
0.0150803
0.0153229
0.0155364
0.0157426
0.015955
0.0161712
0.0164016
0.0166394
0.0168939
0.0171515
0.0174181
0.0176963
0.0179833
0.0182876
0.0185952
0.0189145
0.0192321
0.0195464
0.019864
0.0201894
0.0205458
0.0209174
0.0212921
0.0216673
0.022034
0.0224142
0.0228098
0.023236
0.0236869
0.0241197
0.024554
0.0249787
0.0254376
0.0259639
0.0264452
0.026926
0.0274165
0.0278894
0.0285207
0.0290923
0.0295033
0.0301205
0.0308036
0.0312817
0.0318399
0.032566
0.0331916
0.0337696
0.03444
0.035122
0.0357737
0.0364928
0.0371963
0.0378992
0.0386559
0.0394059
0.0401354
0.0409519
0.0417537
0.0425208
0.0433614
0.0442384
0.0450873
0.0459358
0.0468486
0.047762
0.0486968
0.0496307
0.0506146
0.0515912
0.0526001
0.0536288
0.0546657
0.0557425
0.0568288
0.0579447
0.0590725
0.0602231
0.0614221
0.0626043
0.0638494
0.0651043
0.0663823
0.0676953
0.0690183
0.0703678
0.0716598
0.0728819
0.0737625
0.013519
0.0132293
0.0128793
0.0126408
0.0125627
0.0126728
0.0129636
0.0133648
0.0138295
0.0142735
0.0146637
0.0149999
0.0152913
0.0155426
0.0157649
0.015982
0.0161982
0.0164224
0.0166545
0.0169006
0.0171591
0.0174224
0.0176988
0.017984
0.0182836
0.018592
0.0189093
0.0192343
0.0195524
0.0198778
0.0202068
0.0205578
0.0209324
0.0213071
0.0216885
0.0220555
0.0224334
0.0228287
0.0232444
0.0236971
0.0241336
0.0245736
0.0250112
0.0254484
0.0259597
0.0264572
0.0269346
0.0274506
0.0279217
0.0284842
0.0291011
0.0295662
0.0301043
0.0307913
0.0313325
0.0318502
0.0325498
0.0332098
0.0337893
0.0344432
0.0351285
0.0357784
0.0364932
0.0372045
0.0379069
0.0386581
0.0394129
0.0401391
0.0409474
0.0417603
0.0425344
0.0433576
0.0442321
0.0450983
0.0459466
0.0468497
0.0477682
0.0487061
0.0496399
0.050625
0.0515982
0.0526059
0.0536368
0.0546732
0.0557485
0.0568345
0.0579493
0.0590763
0.0602285
0.061427
0.0626088
0.0638567
0.0651131
0.0663909
0.0677036
0.0690284
0.0703791
0.0716709
0.0728937
0.0737746
0.0143285
0.0139859
0.0135259
0.0131311
0.0128731
0.0127924
0.012879
0.0131192
0.0134486
0.0138151
0.0141941
0.0145723
0.0149359
0.0152707
0.015572
0.0158526
0.016122
0.0163828
0.0166394
0.0168972
0.0171625
0.0174293
0.017702
0.0179841
0.0182736
0.0185795
0.0188905
0.0192142
0.0195387
0.0198711
0.0202122
0.0205611
0.0209393
0.0213128
0.0216936
0.0220673
0.022443
0.022844
0.0232527
0.0237004
0.024143
0.0245807
0.0250293
0.0254579
0.0259448
0.0264554
0.0269367
0.0274618
0.0279546
0.0284649
0.0290745
0.0296098
0.0301081
0.0307516
0.031356
0.0318711
0.0325223
0.0332087
0.0338064
0.0344409
0.0351329
0.0357833
0.0364872
0.0372119
0.037915
0.038657
0.0394212
0.0401433
0.0409375
0.041768
0.0425525
0.0433549
0.0442254
0.0451104
0.045957
0.0468472
0.047768
0.0487094
0.049643
0.0506291
0.0515992
0.0526061
0.0536402
0.0546769
0.055751
0.0568371
0.057952
0.0590799
0.0602332
0.0614309
0.0626112
0.0638602
0.0651178
0.0663947
0.0677086
0.0690358
0.0703876
0.0716797
0.0729031
0.0737848
0.0122821
0.0126067
0.0130029
0.0133377
0.0135974
0.0137638
0.0138442
0.0138716
0.0139257
0.014041
0.0142278
0.0144853
0.0147973
0.0151334
0.0154695
0.0157908
0.0160939
0.0163828
0.0166566
0.0169243
0.0171904
0.0174594
0.0177292
0.0180056
0.0182863
0.0185823
0.0188868
0.0192014
0.0195319
0.0198701
0.0202241
0.0205796
0.0209541
0.0213291
0.0217011
0.0220817
0.0224584
0.0228606
0.0232723
0.0237057
0.0241565
0.0245919
0.0250443
0.0254825
0.0259435
0.0264576
0.0269478
0.0274688
0.0279852
0.0284741
0.0290508
0.029634
0.0301444
0.0307316
0.0313632
0.0319175
0.0325155
0.0331999
0.033833
0.0344425
0.0351365
0.0357972
0.0364776
0.0372167
0.0379288
0.0386513
0.0394302
0.0401512
0.0409222
0.0417713
0.0425749
0.0433488
0.044213
0.0451223
0.0459706
0.0468494
0.0477737
0.0487193
0.0496543
0.0506415
0.051607
0.0526122
0.0536486
0.0546852
0.0557571
0.0568421
0.057956
0.0590835
0.0602385
0.0614354
0.0626155
0.0638673
0.0651256
0.0664025
0.0677158
0.0690446
0.0703973
0.0716888
0.0729129
0.0737947
0.0143519
0.013999
0.0134899
0.0130223
0.012672
0.0124707
0.0124627
0.0126581
0.0129837
0.0133802
0.0138102
0.0142446
0.0146625
0.0150589
0.0154247
0.0157621
0.016072
0.0163632
0.0166388
0.016907
0.0171732
0.0174427
0.0177157
0.0179906
0.0182722
0.0185637
0.0188671
0.0191804
0.0195134
0.0198599
0.0202205
0.0205884
0.0209571
0.0213311
0.0216993
0.0220801
0.0224663
0.0228643
0.0232852
0.0237091
0.0241587
0.0245997
0.0250423
0.0254961
0.0259438
0.0264502
0.0269554
0.0274673
0.0279983
0.0284882
0.0290354
0.02963
0.0301676
0.0307263
0.0313427
0.0319419
0.0325218
0.0331765
0.0338487
0.0344487
0.0351293
0.0358139
0.0364711
0.0372111
0.0379453
0.0386454
0.0394312
0.040169
0.0409076
0.0417634
0.0425993
0.0433522
0.0441993
0.0451309
0.0459823
0.0468467
0.0477721
0.0487205
0.0496551
0.0506448
0.0516078
0.052611
0.0536505
0.0546882
0.055759
0.0568439
0.0579579
0.0590857
0.060242
0.0614383
0.0626166
0.0638691
0.0651284
0.0664047
0.0677184
0.069049
0.0704027
0.0716944
0.0729191
0.0738012
0.0137162
0.013249
0.0126671
0.0121749
0.0118847
0.0118313
0.0119933
0.0123149
0.0127469
0.013242
0.0137502
0.0142368
0.0146836
0.0150928
0.0154621
0.0157946
0.0160947
0.016375
0.0166431
0.0169066
0.0171707
0.017438
0.0177104
0.0179841
0.0182654
0.0185558
0.0188569
0.019172
0.0195046
0.0198553
0.0202184
0.0205917
0.0209608
0.0213304
0.0217005
0.0220776
0.0224689
0.0228658
0.0232875
0.0237137
0.0241572
0.0246047
0.0250424
0.0254985
0.0259492
0.0264446
0.0269564
0.0274663
0.0279966
0.0284964
0.0290346
0.0296262
0.030178
0.0307379
0.0313385
0.0319496
0.0325388
0.0331705
0.0338515
0.0344593
0.0351244
0.035821
0.0364759
0.0372045
0.0379552
0.0386497
0.0394285
0.0401804
0.0409063
0.0417461
0.0426085
0.0433653
0.0441923
0.0451316
0.0459957
0.046854
0.0477783
0.0487308
0.0496652
0.0506565
0.0516186
0.0526189
0.0536578
0.0546957
0.0557652
0.0568486
0.0579623
0.0590886
0.0602457
0.0614426
0.062621
0.0638749
0.0651346
0.066412
0.0677241
0.0690551
0.0704092
0.0717008
0.0729263
0.0738093
)
;

boundaryField
{
    zeroGradientPlanes
    {
        type            zeroGradient;
    }
    inlet
    {
        type            zeroGradient;
    }
    plate
    {
        type            zeroGradient;
    }
    frontAndBack
    {
        type            empty;
    }
}


// ************************************************************************* //
