/*--------------------------------*- C++ -*----------------------------------*\
| =========                 |                                                 |
| \\      /  F ield         | OpenFOAM: The Open Source CFD Toolbox           |
|  \\    /   O peration     | Version:  v2012                                 |
|   \\  /    A nd           | Website:  www.openfoam.com                      |
|    \\/     M anipulation  |                                                 |
\*---------------------------------------------------------------------------*/
FoamFile
{
    version     2.0;
    format      ascii;
    class       volScalarField;
    location    "11";
    object      p;
}
// * * * * * * * * * * * * * * * * * * * * * * * * * * * * * * * * * * * * * //

dimensions      [0 2 -2 0 0 0 0];


internalField   nonuniform List<scalar> 
9600
(
-4.88808e-11
0.00329831
0.00482031
0.000176018
-0.00423215
0.00199201
0.00237331
0.0046348
0.00767081
0.00657195
0.00787982
0.00974691
0.00972923
0.0112207
0.0112111
0.0127427
0.013052
0.0155889
0.0183216
0.0243256
2.23268e-06
0.00330416
0.004795
0.000175077
-0.00422004
0.00199864
0.00236319
0.00463175
0.0076566
0.00659574
0.00788777
0.00974625
0.00973695
0.0112081
0.0112211
0.0127312
0.0130686
0.0155651
0.0183446
0.0236848
7.02017e-06
0.00331137
0.00476183
0.000181376
-0.00421317
0.00200065
0.00235238
0.00462692
0.00763829
0.00664968
0.00789868
0.00974277
0.00975182
0.0111889
0.0112392
0.0127121
0.0130925
0.0155228
0.0183345
0.0230885
1.67775e-05
0.00332189
0.00471854
0.000195484
-0.00418926
0.00200115
0.00234751
0.00462742
0.00762088
0.00672545
0.00791215
0.00973799
0.00977455
0.0111677
0.011264
0.0126877
0.0131202
0.0154675
0.0182988
0.0225201
3.47767e-05
0.00333275
0.00466258
0.000220153
-0.00413961
0.00200329
0.00235254
0.0046304
0.00760378
0.00681754
0.00793098
0.0097321
0.00980242
0.0111467
0.0112935
0.0126607
0.0131494
0.0154038
0.0182392
0.0219872
6.24419e-05
0.00333936
0.00459699
0.000255141
-0.00405652
0.00201203
0.00236868
0.00463308
0.0075896
0.00692181
0.00795673
0.00972451
0.00983386
0.0111264
0.0113264
0.0126321
0.0131788
0.0153343
0.0181581
0.0214841
9.91996e-05
0.00334027
0.00452761
0.000299966
-0.00394024
0.00202923
0.00239456
0.00463612
0.00758034
0.00703476
0.00798943
0.00971457
0.00986753
0.0111064
0.0113618
0.0126025
0.0132067
0.0152609
0.018055
0.0210077
0.000143224
0.00333636
0.00445976
0.000354283
-0.00379541
0.00205311
0.00242694
0.00463966
0.00757596
0.00715268
0.00802713
0.00970167
0.00990228
0.0110864
0.0113986
0.012572
0.0132309
0.0151855
0.01793
0.0205566
0.000192326
0.00332935
0.00439649
0.000418265
-0.00362871
0.00207937
0.00246138
0.0046424
0.00757504
0.00727092
0.00806653
0.00968535
0.00993717
0.0110663
0.0114358
0.0125412
0.0132497
0.0151096
0.0177839
0.020129
0.000244708
0.00332081
0.00433852
0.000492342
-0.00344602
0.00210347
0.00249416
0.00464305
0.00757561
0.00738436
0.00810397
0.00966532
0.00997138
0.0110462
0.0114724
0.012511
0.0132617
0.0150346
0.0176192
0.0197233
0.000299299
0.00331195
0.00428512
0.000576405
-0.00325138
0.00212294
0.00252402
0.00464127
0.00757588
0.00748861
0.00813622
0.00964154
0.0100043
0.0110266
0.0115073
0.012482
0.0132657
0.0149608
0.0174395
0.0193381
0.000355635
0.00330364
0.0042349
0.000669231
-0.00304758
0.00213798
0.00255208
0.00463799
0.00757507
0.00758065
0.00816103
0.00961427
0.0100353
0.011008
0.0115394
0.0124545
0.013261
0.0148873
0.0172484
0.0189734
0.00041359
0.00329631
0.00418629
0.000768929
-0.00283706
0.00215047
0.00258162
0.00463512
0.00757346
0.00765934
0.0081775
0.00958413
0.0100641
0.0109907
0.0115678
0.0124283
0.0132468
0.0148131
0.0170494
0.0186337
0.000473169
0.00329
0.00413824
0.000873661
-0.00262193
0.00216258
0.00261541
0.00463457
0.00757205
0.00772542
0.00818617
0.00955202
0.0100906
0.0109751
0.0115918
0.012403
0.0132229
0.0147359
0.016844
0.0182896
0.000534394
0.00328459
0.00409041
0.000981918
-0.00240348
0.00217582
0.00265478
0.00463725
0.00757214
0.00778081
0.00818842
0.00951902
0.0101143
0.0109616
0.011611
0.0123777
0.0131898
0.0146533
0.0166329
0.017953
0.000597257
0.00327998
0.00404302
0.00109249
-0.00218223
0.00219113
0.0026994
0.00464286
0.00757476
0.00782783
0.00818574
0.0094862
0.0101353
0.01095
0.0116252
0.0123513
0.0131482
0.0145639
0.0164168
0.0176222
0.000661729
0.00327619
0.00399652
0.00120445
-0.00195843
0.00220894
0.0027483
0.00465044
0.00758046
0.00786871
0.00817929
0.00945446
0.0101535
0.0109401
0.0116345
0.0123227
0.0130984
0.014467
0.0161971
0.0172951
0.000727808
0.00327329
0.00395138
0.00131709
-0.00173209
0.00222932
0.00280046
0.00465907
0.00758952
0.0079054
0.00816971
0.00942442
0.0101691
0.0109313
0.0116393
0.0122911
0.0130405
0.0143624
0.0159751
0.0169709
0.000795519
0.00327127
0.00390807
0.0014299
-0.0015032
0.00225248
0.00285505
0.00466816
0.00760177
0.00793946
0.00815732
0.0093964
0.0101822
0.0109226
0.0116399
0.0122561
0.0129742
0.0142503
0.0157521
0.0166495
0.000864905
0.00327009
0.00386709
0.00154257
-0.001272
0.0022787
0.00291174
0.00467751
0.0076168
0.00797228
0.00814229
0.00937035
0.0101934
0.0109132
0.0116361
0.0122173
0.0128993
0.0141309
0.0155292
0.0163313
0.000936024
0.00326974
0.00382889
0.00165487
-0.00103874
0.00230816
0.00297029
0.00468716
0.00763411
0.00800503
0.00812462
0.00934585
0.0102037
0.0109024
0.0116279
0.0121746
0.0128158
0.0140048
0.0153067
0.0160168
0.00100895
0.0032702
0.0037939
0.0017667
-0.000803695
0.00234113
0.00303049
0.00469727
0.0076531
0.00803947
0.00810447
0.00932243
0.0102136
0.0108896
0.0116146
0.0121278
0.012724
0.0138721
0.0150858
0.0157057
0.00108379
0.00327147
0.0037625
0.001878
-0.000567262
0.00237784
0.00309227
0.00470812
0.00767314
0.00807515
0.00808214
0.00929947
0.0102238
0.0108744
0.0115953
0.0120774
0.0126238
0.0137331
0.0148685
0.0153975
0.00116067
0.00327351
0.00373502
0.00198879
-0.000329851
0.00241852
0.00315554
0.00472003
0.00769362
0.00811252
0.00805794
0.00927619
0.0102348
0.0108566
0.0115695
0.0120234
0.0125149
0.0135869
0.0146571
0.015093
0.00123974
0.00327626
0.0037117
0.00209912
-9.19304e-05
0.00246343
0.0032202
0.00473335
0.007714
0.00815221
0.00803217
0.00925158
0.0102471
0.0108359
0.0115361
0.0119664
0.0123981
0.0134312
0.0144528
0.014797
0.00132115
0.0032797
0.00369276
0.00220909
0.000145904
0.00251283
0.00328632
0.00474824
0.0077336
0.00819477
0.0080055
0.00922448
0.0102611
0.010813
0.0114937
0.0119066
0.0122757
0.0132634
0.0142542
0.0145169
0.00140506
0.00328387
0.00367832
0.0023189
0.000383151
0.00256695
0.00335394
0.00476502
0.00775173
0.00824047
0.00797879
0.00919387
0.0102768
0.0107888
0.0114407
0.0118433
0.0121511
0.013083
0.0140564
0.0142577
0.00149162
0.00328882
0.00366837
0.00242872
0.000619474
0.00262595
0.00342301
0.0047841
0.00776783
0.00828931
0.00795278
0.00915862
0.0102941
0.0107647
0.0113764
0.0117752
0.0120274
0.0128923
0.0138533
0.0140187
0.00158095
0.00329469
0.00366289
0.00253874
0.000854424
0.00269003
0.00349365
0.00480589
0.00778133
0.0083413
0.00792849
0.00911733
0.0103118
0.0107424
0.0113013
0.0117008
0.0119059
0.0126948
0.0136416
0.013795
0.00167318
0.00330169
0.00366176
0.00264921
0.00108768
0.00275919
0.00356605
0.00483087
0.00779157
0.00839624
0.00790723
0.00906909
0.0103282
0.0107229
0.0112161
0.0116185
0.0117871
0.0124939
0.0134197
0.0135797
0.00176842
0.00331016
0.00366479
0.00276029
0.00131917
0.00283331
0.00364015
0.00485962
0.00779784
0.00845356
0.00789035
0.00901329
0.0103421
0.0107077
0.0111217
0.0115269
0.0116725
0.0122924
0.0131877
0.0133674
0.00186675
0.00332046
0.00367181
0.00287211
0.00154889
0.00291226
0.00371582
0.00489275
0.00779971
0.00851236
0.00787941
0.00894957
0.0103511
0.0106977
0.0110193
0.0114244
0.0115633
0.0120951
0.012947
0.0131865
0.0019682
0.00333302
0.00368261
0.00298468
0.00177702
0.00299597
0.0037926
0.00493093
0.00779731
0.00857119
0.00787564
0.00887846
0.0103524
0.0106936
0.0109111
0.0113089
0.0114589
0.0119075
0.0126993
0.0129955
0.00207277
0.00334831
0.00369708
0.00309787
0.00200375
0.00308449
0.00387006
0.00497473
0.00779111
0.00862829
0.00787946
0.00880095
0.0103436
0.0106954
0.0108004
0.0111787
0.0113567
0.0117337
0.012449
0.0127732
0.00218045
0.00336674
0.00371516
0.00321158
0.00222921
0.00317804
0.00394775
0.00502424
0.00778188
0.00868237
0.00789079
0.00871797
0.0103227
0.0107025
0.0106909
0.0110335
0.011253
0.011575
0.012203
0.012553
0.00229128
0.00338885
0.00373675
0.00332562
0.00245332
0.00327699
0.00402514
0.00507917
0.00777093
0.0087326
0.00790945
0.00863065
0.0102879
0.0107134
0.0105859
0.0108746
0.0111448
0.0114319
0.0119657
0.0122924
0.00240524
0.00341515
0.00376203
0.00343973
0.00267573
0.00338179
0.0041019
0.00513882
0.00775965
0.00877869
0.00793507
0.00853984
0.0102369
0.0107262
0.0104891
0.0107037
0.0110284
0.0113041
0.011744
0.0120255
0.00252234
0.00344578
0.00379144
0.00355396
0.00289592
0.00349343
0.00417818
0.00520153
0.00774828
0.00882069
0.00796772
0.00844645
0.0101679
0.0107386
0.010405
0.0105234
0.0108982
0.0111895
0.011544
0.0117654
0.00264277
0.00348066
0.00382549
0.00366862
0.00311299
0.00361294
0.00425467
0.00526546
0.00773636
0.0088587
0.00800792
0.00835219
0.0100784
0.0107465
0.0103371
0.0103384
0.0107505
0.011083
0.0113696
0.0115218
0.00276665
0.00351987
0.00386451
0.00378429
0.00332553
0.00374044
0.00433261
0.0053296
0.00772399
0.00889235
0.00805574
0.00825994
0.00996735
0.0107444
0.0102875
0.0101554
0.0105833
0.0109778
0.0112212
0.0113031
0.00289412
0.00356343
0.00390851
0.00390205
0.00353227
0.00387532
0.00441386
0.00539324
0.00771061
0.00892041
0.00811127
0.00817361
0.00983481
0.010726
0.0102569
0.00998252
0.0103959
0.010866
0.0110962
0.0111152
0.00302529
0.00361128
0.00395775
0.00402294
0.00373292
0.00401624
0.00450076
0.00545654
0.00769424
0.00894153
0.00817443
0.00809699
0.00968251
0.0106853
0.0102431
0.00982904
0.0101904
0.0107385
0.0109907
0.0109609
0.00316009
0.00366487
0.00402744
0.00414791
0.00392847
0.00416059
0.00459474
0.00552028
0.00767339
0.00895462
0.00824411
0.00803371
0.00951417
0.0106165
0.0102409
0.00970343
0.00997349
0.010587
0.0108977
0.0108398
0.00329846
0.0037245
0.00408346
0.00427732
0.004121
0.00430557
0.00469522
0.00558653
0.00764837
0.00895688
0.00831788
0.00798815
0.0093356
0.0105166
0.0102421
0.00961105
0.00975751
0.0104058
0.0108051
0.0107492
0.0034402
0.00379137
0.00413938
0.00441052
0.00431359
0.0044492
0.00480078
0.00565795
0.00762046
0.00894446
0.00839191
0.00796358
0.00915444
0.0103869
0.0102375
0.00955121
0.00955687
0.0101958
0.0106981
0.0106846
0.00358482
0.00386697
0.00419555
0.00454579
0.00450965
0.00459086
0.00490861
0.00573592
0.00759146
0.00891586
0.00846105
0.00795998
0.00898004
0.0102328
0.0102193
0.00951758
0.00938299
0.00996622
0.0105631
0.0106361
0.00373174
0.00395267
0.00425226
0.00467995
0.00471165
0.00473234
0.00501399
0.0058195
0.00756608
0.00887334
0.00851942
0.00797436
0.00882109
0.0100609
0.0101823
0.00950198
0.00924109
0.00973189
0.010393
0.0105869
0.00388032
0.00404935
0.00431068
0.0048092
0.00491986
0.00487706
0.00511206
0.00590612
0.00755086
0.00882105
0.00856277
0.00800198
0.00868241
0.00987799
0.0101247
0.00949749
0.00913177
0.00950666
0.0101898
0.0105179
0.00402991
0.00415749
0.00437317
0.00492976
0.00513217
0.0050299
0.00520152
0.00599102
0.00754864
0.00876653
0.00859096
0.00803651
0.00856477
0.00969081
0.0100458
0.00949749
0.00905383
0.00930214
0.00996316
0.0104155
0.00417999
0.00427726
0.00444261
0.00503845
0.00534443
0.00519687
0.00528483
0.00606528
0.00755742
0.00872033
0.0086075
0.00807137
0.00846657
0.00950576
0.00994756
0.00949487
0.00900329
0.0091272
0.00972824
0.0102739
0.00432996
0.00440825
0.00452255
0.00513393
0.00555141
0.00538207
0.00536515
0.00612092
0.00757308
0.00869005
0.00861981
0.00810385
0.00838407
0.00932735
0.00983404
0.00948477
0.00897348
0.00898575
0.00950147
0.0100978
0.00447944
0.00454968
0.00461602
0.00521647
0.00574695
0.00558651
0.00545141
0.00615588
0.00758352
0.00867399
0.00863798
0.00813688
0.0083138
0.00915565
0.00970784
0.00946637
0.00895936
0.00887676
0.00929688
0.00990159
0.00462835
0.0047009
0.00472541
0.00528789
0.00592165
0.00580459
0.00555815
0.00617536
0.00757572
0.00866834
0.0086704
0.00817578
0.00825531
0.00898996
0.00956893
0.00943818
0.00895781
0.00879703
0.00912138
0.00969565
0.00477679
0.00485952
0.00485295
0.00535414
0.00607001
0.00602815
0.00569221
0.00618479
0.0075408
0.00866486
0.00872078
0.00822953
0.00821279
0.00883379
0.00941833
0.00939616
0.00896566
0.00874317
0.008977
0.00949994
0.00492614
0.00502281
0.00499659
0.00542007
0.0061913
0.00624958
0.00585817
0.00619853
0.00747626
0.00864486
0.00878594
0.00830449
0.00819026
0.00869104
0.00925958
0.00933671
0.00897867
0.00871399
0.00886318
0.00932813
0.00507528
0.00519129
0.00515723
0.0054906
0.00628389
0.00645717
0.0060539
0.0062382
0.00739057
0.00859341
0.00885488
0.00840322
0.00819182
0.0085645
0.00909677
0.00925636
0.0089881
0.00870819
0.0087789
0.00918308
0.00522644
0.00535067
0.00533313
0.00557097
0.00634888
0.00663854
0.00627058
0.00631826
0.00730434
0.00850791
0.00890912
0.00852331
0.00822625
0.00846166
0.00893585
0.00915631
0.00898477
0.00872063
0.00872478
0.00906609
0.00538545
0.00552582
0.00551997
0.00566166
0.0063777
0.00678363
0.00649983
0.00644124
0.00724131
0.0083951
0.0089296
0.00865242
0.00829673
0.00839312
0.0087852
0.00904154
0.00896274
0.00874076
0.00870018
0.00897932
0.00554713
0.00567965
0.00570982
0.00577507
0.00640098
0.00689236
0.00672861
0.00660491
0.00721562
0.00826782
0.00890664
0.00876962
0.00839785
0.0083663
0.00865429
0.00891718
0.00891965
0.00875647
0.00869907
0.00892271
0.00571302
0.00584401
0.00589334
0.00590721
0.00642689
0.00696759
0.00693826
0.00679578
0.00723171
0.00814548
0.00884375
0.00885763
0.00851726
0.00838215
0.00855627
0.00879333
0.00885798
0.00876026
0.00871132
0.00889535
0.00588091
0.00599839
0.00607208
0.00606235
0.00647115
0.0070151
0.00711143
0.00699222
0.00728603
0.00805029
0.00875574
0.00890897
0.00864246
0.00843796
0.00850132
0.00868466
0.00878379
0.00874937
0.00872561
0.00889108
0.00604511
0.00614751
0.0062468
0.0062348
0.00653798
0.0070482
0.00725211
0.00718721
0.00737876
0.00799345
0.00865842
0.00891903
0.00875265
0.00852118
0.00848695
0.00860134
0.0087057
0.00872494
0.00873535
0.00889864
0.00620731
0.00628342
0.00641476
0.00642122
0.00662634
0.00707708
0.0073618
0.00737112
0.00749925
0.00797627
0.00857122
0.00889721
0.00883683
0.00862142
0.00851299
0.00855283
0.00863622
0.00869102
0.00874037
0.00891156
0.00637906
0.00644507
0.00656328
0.00657832
0.00672662
0.00711261
0.00744873
0.00753842
0.0076379
0.00799742
0.0085082
0.00886048
0.00889141
0.00872189
0.00857269
0.00854269
0.00858724
0.00865405
0.00873942
0.00892707
0.00654611
0.00659357
0.0067039
0.00673283
0.00684126
0.00716066
0.00751887
0.00768354
0.00778509
0.0080557
0.00847736
0.00882438
0.00892386
0.00880942
0.00865257
0.00857025
0.00856865
0.00862489
0.0087328
0.00894145
0.00670605
0.0067393
0.00683922
0.00688346
0.00697202
0.00722895
0.00758177
0.00780364
0.00792429
0.00813803
0.00847816
0.00879723
0.00894281
0.00888458
0.00873957
0.00862804
0.00858567
0.00861616
0.00872777
0.0089544
0.00685858
0.00687748
0.00697308
0.0070299
0.0071053
0.00730848
0.00763807
0.00790082
0.00805536
0.00824001
0.0085137
0.008794
0.0089607
0.00895343
0.00882948
0.00870416
0.00863415
0.00863648
0.00873636
0.00897028
0.00700701
0.00702073
0.00710026
0.00716021
0.00723249
0.00739663
0.00769793
0.00798364
0.00817648
0.00835355
0.00857743
0.00881998
0.00898999
0.00902187
0.00892845
0.00879731
0.00870737
0.00868645
0.00876643
0.00899521
0.00714529
0.00715439
0.00722301
0.00728244
0.00735464
0.00749561
0.00776894
0.00806089
0.00828516
0.0084691
0.0086596
0.00886857
0.00903597
0.00909428
0.00903688
0.00891502
0.00880995
0.00877081
0.00882815
0.00904037
0.00726917
0.00727307
0.00734181
0.00740058
0.00747247
0.0075983
0.00784468
0.00813184
0.00838197
0.00858869
0.00876696
0.0089471
0.00910559
0.00917834
0.00915005
0.00905143
0.00894048
0.0088858
0.00892354
0.00911328
0.00738857
0.00739315
0.00744943
0.00750233
0.00757856
0.00770152
0.0079285
0.00820044
0.00846317
0.00869718
0.00888901
0.00906121
0.00921702
0.00930178
0.00929227
0.00921999
0.00911516
0.00904396
0.00906121
0.00922324
0.00749266
0.00749702
0.00755104
0.00759577
0.00766898
0.00779602
0.00802097
0.008285
0.00854581
0.00878841
0.00899493
0.00918427
0.009356
0.00946866
0.00948519
0.0094386
0.00935468
0.00927681
0.00927605
0.00941358
0.00756809
0.00758176
0.00764243
0.00768553
0.00775433
0.00787932
0.00810096
0.00836728
0.00863663
0.00888526
0.0090973
0.00929877
0.00949411
0.00964616
0.00970583
0.00968993
0.0096336
0.00956221
0.00954005
0.00963954
0.00763658
0.00765384
0.00772212
0.00776482
0.00784008
0.0079644
0.0081703
0.0084256
0.00871487
0.00901526
0.00929199
0.00953998
0.00976409
0.00995522
0.0100648
0.0101041
0.0101145
0.0100764
0.0100082
0.00998968
0.00768477
0.0076914
0.00775928
0.00782008
0.00792044
0.00806604
0.0082427
0.00840378
0.00858699
0.00884477
0.00920872
0.0096114
0.00994679
0.0101991
0.0104045
0.0105833
0.0108025
0.0110938
0.0114215
0.0117226
0.00771656
0.00773418
0.00781401
0.00786055
0.00798182
0.00818397
0.00842372
0.00866218
0.00892136
0.00920267
0.00948846
0.00979116
0.0100816
0.0103516
0.01063
0.0109077
0.0111861
0.0114478
0.0116601
0.0117765
0.00765498
0.00763686
0.00781646
0.0080209
0.00820173
0.00836447
0.00856096
0.00878075
0.00899932
0.0092238
0.00947146
0.00975555
0.0100616
0.0103589
0.0106729
0.0109956
0.011354
0.0117705
0.0121662
0.0124374
0.00778105
0.00785433
0.00799475
0.00812521
0.00826201
0.00842311
0.00863356
0.00887358
0.00912291
0.00941678
0.00973886
0.0100578
0.0103759
0.0106438
0.0108476
0.0109892
0.0109775
0.0108328
0.0106209
0.0104424
0.00767512
0.00768014
0.00792302
0.00819202
0.00841225
0.00857467
0.00874707
0.00896713
0.00919696
0.00942516
0.00969908
0.00998528
0.0103012
0.0106434
0.010965
0.0112923
0.0116436
0.0120219
0.0123611
0.0125695
0.00772931
0.00779374
0.00807478
0.00834208
0.00854375
0.00868364
0.00883299
0.00903533
0.00925998
0.00949855
0.00981609
0.0101681
0.0105127
0.0108721
0.0112177
0.0115535
0.0118695
0.0121143
0.0122523
0.0122401
0.0276337
0.0213988
0.0127278
0.00600723
0.00416975
0.00544893
0.00715514
0.00836217
0.00908622
0.00953246
0.00984485
0.010119
0.0104506
0.0108354
0.0111451
0.0113605
0.011595
0.0118767
0.0121527
0.0123798
0.012564
0.0127944
0.0131188
0.0134411
0.0136659
0.0138623
0.0141669
0.0145625
0.0148967
0.0151393
0.0154309
0.0158047
0.0161586
0.0164692
0.016791
0.017128
0.0174646
0.0178326
0.0182468
0.0186689
0.0190912
0.0195352
0.0199815
0.0204041
0.0207787
0.0211322
0.0215038
0.0219092
0.0223214
0.0227456
0.0232067
0.0237025
0.0241905
0.024645
0.0251368
0.0256682
0.0261846
0.0266944
0.0272293
0.0277365
0.0282327
0.0287357
0.0292679
0.0298396
0.0304462
0.0310703
0.0317269
0.0323573
0.0329563
0.0335529
0.0341593
0.0348159
0.0355066
0.0362036
0.0368806
0.0375811
0.0382796
0.0390177
0.0397697
0.0405473
0.0413219
0.042109
0.042937
0.0437744
0.044632
0.0455049
0.0463987
0.0473311
0.0482626
0.0492265
0.0501442
0.0511058
0.0520977
0.0530967
0.0540996
0.0550798
0.0560415
0.0569085
0.0577305
0.0584563
0.0267442
0.0211984
0.0127993
0.00615994
0.00426564
0.00549411
0.00718205
0.00838033
0.00909959
0.0095432
0.0098537
0.0101262
0.0104567
0.0108411
0.0111504
0.0113652
0.011599
0.0118804
0.0121561
0.012383
0.0125667
0.0127967
0.013121
0.0134432
0.0136678
0.0138639
0.0141683
0.0145638
0.014898
0.0151405
0.0154319
0.0158056
0.0161596
0.01647
0.0167918
0.0171288
0.0174653
0.0178333
0.0182475
0.0186695
0.0190918
0.0195358
0.0199821
0.0204047
0.0207793
0.0211327
0.0215043
0.0219097
0.0223219
0.0227461
0.0232071
0.0237029
0.024191
0.0246454
0.0251371
0.0256685
0.026185
0.0266948
0.0272297
0.0277368
0.028233
0.028736
0.0292682
0.0298399
0.0304465
0.0310705
0.0317271
0.0323576
0.0329565
0.0335531
0.0341595
0.034816
0.0355068
0.0362038
0.0368808
0.0375812
0.0382798
0.0390178
0.0397698
0.0405474
0.0413221
0.0421091
0.0429371
0.0437745
0.0446322
0.0455051
0.0463988
0.0473313
0.0482627
0.0492266
0.0501443
0.0511058
0.0520978
0.0530968
0.0540997
0.0550799
0.0560416
0.0569085
0.0577305
0.0584563
0.0259178
0.020992
0.0129572
0.0064481
0.0044342
0.00555703
0.00721249
0.00840199
0.00911597
0.00955613
0.00986447
0.010135
0.0104636
0.0108467
0.0111554
0.0113697
0.0116031
0.0118841
0.0121593
0.0123859
0.0125693
0.0127989
0.013123
0.0134452
0.0136696
0.0138654
0.0141696
0.0145651
0.0148993
0.0151415
0.0154327
0.0158065
0.0161604
0.0164708
0.0167925
0.0171295
0.0174659
0.0178338
0.018248
0.0186701
0.0190923
0.0195363
0.0199826
0.0204052
0.0207799
0.0211332
0.0215048
0.0219101
0.0223223
0.0227465
0.0232075
0.0237033
0.0241914
0.0246457
0.0251374
0.0256688
0.0261853
0.0266951
0.02723
0.0277371
0.0282333
0.0287363
0.0292684
0.0298401
0.0304467
0.0310707
0.0317274
0.0323578
0.0329567
0.0335533
0.0341597
0.0348162
0.0355069
0.0362039
0.0368809
0.0375813
0.0382799
0.0390179
0.0397699
0.0405475
0.0413222
0.0421092
0.0429372
0.0437747
0.0446323
0.0455052
0.0463989
0.0473313
0.0482628
0.0492267
0.0501444
0.0511059
0.0520979
0.0530969
0.0540998
0.05508
0.0560417
0.0569086
0.0577305
0.0584563
0.0251266
0.0207732
0.0131631
0.00681676
0.00466924
0.00564927
0.00725879
0.00843549
0.00914048
0.00957456
0.00987996
0.0101481
0.0104733
0.0108534
0.0111608
0.0113751
0.0116086
0.0118888
0.0121633
0.0123896
0.0125727
0.0128019
0.0131255
0.0134475
0.0136718
0.0138675
0.0141714
0.0145668
0.0149008
0.0151428
0.0154338
0.0158075
0.0161614
0.0164716
0.0167933
0.0171302
0.0174665
0.0178343
0.0182486
0.0186706
0.0190928
0.0195368
0.0199832
0.0204058
0.0207804
0.0211337
0.0215052
0.0219105
0.0223228
0.0227469
0.0232079
0.0237037
0.0241918
0.0246461
0.0251378
0.0256692
0.0261856
0.0266954
0.0272303
0.0277375
0.0282336
0.0287365
0.0292686
0.0298403
0.0304469
0.0310709
0.0317276
0.032358
0.032957
0.0335535
0.0341598
0.0348163
0.0355071
0.0362041
0.0368811
0.0375815
0.03828
0.039018
0.0397701
0.0405477
0.0413223
0.0421093
0.0429373
0.0437748
0.0446324
0.0455053
0.046399
0.0473314
0.0482629
0.0492268
0.0501445
0.051106
0.0520979
0.053097
0.0540999
0.0550801
0.0560418
0.0569087
0.0577306
0.0584563
0.0243416
0.0205249
0.0133764
0.00721122
0.00493397
0.00575761
0.00731435
0.00847799
0.00917299
0.00959938
0.0099014
0.0101671
0.0104877
0.0108623
0.0111671
0.0113819
0.0116159
0.0118951
0.0121682
0.0123944
0.0125779
0.0128066
0.0131288
0.01345
0.0136747
0.0138708
0.0141744
0.0145691
0.0149027
0.0151447
0.0154356
0.0158091
0.0161626
0.0164727
0.0167943
0.0171311
0.0174672
0.0178349
0.0182492
0.0186713
0.0190934
0.0195374
0.0199838
0.0204064
0.020781
0.0211342
0.0215057
0.021911
0.0223232
0.0227473
0.0232083
0.0237042
0.0241923
0.0246465
0.0251381
0.0256696
0.026186
0.0266957
0.0272307
0.0277378
0.0282339
0.0287368
0.0292689
0.0298405
0.0304472
0.0310712
0.0317278
0.0323583
0.0329572
0.0335537
0.03416
0.0348165
0.0355073
0.0362043
0.0368813
0.0375816
0.0382802
0.0390182
0.0397702
0.0405478
0.0413224
0.0421094
0.0429374
0.0437749
0.0446325
0.0455054
0.0463991
0.0473315
0.048263
0.0492269
0.0501446
0.0511061
0.052098
0.0530971
0.0541
0.0550802
0.0560419
0.0569088
0.0577308
0.0584564
0.0235639
0.0202408
0.0135786
0.00761235
0.00521518
0.00587459
0.00737242
0.00852398
0.00921018
0.00962875
0.00992752
0.0101912
0.0105063
0.0108735
0.0111746
0.0113902
0.0116253
0.011903
0.0121741
0.0124003
0.0125851
0.0128135
0.0131334
0.013453
0.0136784
0.0138757
0.0141789
0.0145722
0.0149053
0.0151475
0.0154384
0.0158113
0.0161644
0.0164743
0.0167958
0.0171324
0.0174681
0.0178356
0.0182498
0.0186719
0.0190942
0.0195382
0.0199845
0.020407
0.0207816
0.0211348
0.0215062
0.0219114
0.0223237
0.0227478
0.0232088
0.0237046
0.0241927
0.024647
0.0251386
0.02567
0.0261864
0.0266961
0.0272311
0.0277382
0.0282342
0.0287371
0.0292691
0.0298408
0.0304475
0.0310715
0.0317281
0.0323587
0.0329575
0.0335539
0.0341602
0.0348167
0.0355075
0.0362045
0.0368814
0.0375818
0.0382803
0.0390183
0.0397703
0.0405479
0.0413226
0.0421095
0.0429375
0.043775
0.0446326
0.0455055
0.0463992
0.0473317
0.0482632
0.049227
0.0501447
0.0511062
0.0520982
0.0530972
0.0541001
0.0550803
0.0560421
0.0569091
0.0577311
0.0584565
0.0227996
0.019922
0.0137641
0.00801642
0.00551187
0.00600015
0.00743151
0.00857132
0.00925049
0.00966156
0.00995698
0.0102185
0.0105276
0.0108865
0.0111833
0.0113999
0.0116362
0.0119121
0.0121806
0.012407
0.012594
0.0128225
0.0131393
0.0134565
0.013683
0.0138823
0.0141848
0.014576
0.0149083
0.0151513
0.0154424
0.0158144
0.0161668
0.0164767
0.0167981
0.0171342
0.0174693
0.0178364
0.0182505
0.0186726
0.0190949
0.019539
0.0199852
0.0204078
0.0207824
0.0211356
0.0215068
0.0219119
0.0223241
0.0227484
0.0232094
0.0237051
0.0241932
0.0246475
0.0251391
0.0256705
0.0261868
0.0266966
0.0272316
0.0277386
0.0282345
0.0287374
0.0292694
0.0298411
0.0304478
0.0310718
0.0317285
0.0323591
0.0329578
0.0335541
0.0341604
0.0348169
0.0355077
0.0362047
0.0368817
0.037582
0.0382805
0.0390185
0.0397705
0.0405481
0.0413227
0.0421097
0.0429377
0.0437751
0.0446327
0.0455056
0.0463993
0.0473318
0.0482633
0.0492271
0.0501448
0.0511063
0.0520983
0.0530973
0.0541003
0.0550805
0.0560423
0.0569095
0.0577316
0.0584568
0.0220571
0.019574
0.0139303
0.00842134
0.00582417
0.00613577
0.00749188
0.00861928
0.00929338
0.00969745
0.00998912
0.0102481
0.0105508
0.0109009
0.0111931
0.0114108
0.0116482
0.0119219
0.0121874
0.0124141
0.012604
0.0128329
0.0131463
0.0134608
0.0136887
0.0138904
0.0141921
0.0145802
0.0149117
0.0151561
0.0154475
0.0158182
0.0161697
0.0164798
0.0168012
0.0171367
0.0174711
0.0178376
0.0182512
0.0186732
0.0190957
0.0195397
0.0199859
0.0204085
0.0207833
0.0211367
0.0215077
0.0219125
0.0223247
0.0227491
0.02321
0.0237056
0.0241937
0.0246481
0.0251397
0.0256709
0.0261873
0.0266972
0.0272322
0.0277391
0.028235
0.0287378
0.0292697
0.0298414
0.0304482
0.0310721
0.0317289
0.0323595
0.0329582
0.0335545
0.0341607
0.0348172
0.035508
0.036205
0.0368819
0.0375823
0.0382807
0.0390186
0.0397707
0.0405483
0.0413229
0.0421098
0.0429378
0.0437753
0.0446328
0.0455057
0.0463994
0.0473319
0.0482634
0.0492273
0.0501449
0.0511064
0.0520984
0.0530974
0.0541005
0.0550807
0.0560426
0.05691
0.0577324
0.0584571
0.0213453
0.0192033
0.0140735
0.00882294
0.00615083
0.00628265
0.00755401
0.00866717
0.0093382
0.00973608
0.0100236
0.0102796
0.0105755
0.0109164
0.0112039
0.0114226
0.0116612
0.0119324
0.0121946
0.0124215
0.0126145
0.0128441
0.013154
0.0134656
0.0136952
0.0138998
0.0142004
0.0145849
0.0149153
0.0151614
0.0154534
0.0158226
0.0161731
0.0164835
0.0168052
0.0171402
0.0174737
0.0178393
0.0182523
0.018674
0.0190964
0.0195404
0.0199865
0.0204092
0.0207844
0.0211381
0.0215089
0.0219133
0.0223255
0.02275
0.0232108
0.0237061
0.0241942
0.0246488
0.0251403
0.0256714
0.0261878
0.0266978
0.0272329
0.0277397
0.0282355
0.0287383
0.0292701
0.0298417
0.0304486
0.0310725
0.0317293
0.0323601
0.0329587
0.0335548
0.034161
0.0348176
0.0355084
0.0362054
0.0368823
0.0375826
0.038281
0.0390189
0.039771
0.0405485
0.0413231
0.04211
0.042938
0.0437754
0.044633
0.0455059
0.0463995
0.0473321
0.0482636
0.0492274
0.0501451
0.0511065
0.0520986
0.0530976
0.0541007
0.055081
0.0560429
0.0569108
0.0577335
0.0584575
0.0206716
0.018816
0.0141899
0.00921658
0.00648996
0.00644166
0.00761827
0.008714
0.00938388
0.00977699
0.0100604
0.010313
0.0106018
0.0109332
0.0112155
0.0114352
0.011675
0.0119436
0.0122022
0.0124291
0.0126254
0.0128558
0.013162
0.0134709
0.0137025
0.0139102
0.0142096
0.0145899
0.0149191
0.0151672
0.0154599
0.0158273
0.0161767
0.0164876
0.0168098
0.0171444
0.0174771
0.0178417
0.0182539
0.0186751
0.0190973
0.0195409
0.0199867
0.0204095
0.0207854
0.0211397
0.0215105
0.0219144
0.0223265
0.0227512
0.0232118
0.0237066
0.0241947
0.0246495
0.025141
0.0256717
0.0261881
0.0266985
0.0272336
0.0277403
0.0282362
0.0287389
0.0292705
0.029842
0.0304489
0.0310728
0.0317297
0.0323606
0.0329593
0.0335553
0.0341614
0.0348181
0.0355088
0.0362058
0.0368827
0.037583
0.0382813
0.0390192
0.0397713
0.0405488
0.0413233
0.0421102
0.0429382
0.0437756
0.0446331
0.045506
0.0463997
0.0473322
0.0482637
0.0492276
0.0501452
0.0511066
0.0520988
0.0530978
0.054101
0.0550813
0.0560433
0.0569119
0.057735
0.058458
0.0200413
0.0184187
0.0142774
0.00959838
0.00683913
0.00661331
0.00768507
0.00875883
0.00942927
0.00981972
0.0100994
0.0103483
0.0106296
0.0109508
0.0112278
0.0114486
0.0116897
0.0119555
0.0122102
0.012437
0.0126366
0.0128679
0.0131704
0.0134763
0.01371
0.0139213
0.0142195
0.0145954
0.0149231
0.0151732
0.0154666
0.0158323
0.0161803
0.0164917
0.0168146
0.017149
0.017481
0.0178447
0.0182559
0.0186766
0.0190983
0.0195414
0.0199866
0.0204094
0.0207862
0.0211415
0.0215125
0.0219159
0.0223278
0.0227527
0.0232131
0.0237073
0.0241953
0.0246504
0.0251417
0.025672
0.0261884
0.026699
0.0272342
0.027741
0.028237
0.0287398
0.0292713
0.0298426
0.0304493
0.031073
0.0317299
0.0323611
0.0329598
0.0335557
0.034162
0.0348187
0.0355094
0.0362062
0.0368832
0.0375835
0.0382818
0.0390197
0.0397717
0.0405491
0.0413236
0.0421105
0.0429385
0.0437758
0.0446333
0.0455062
0.0463999
0.0473324
0.0482639
0.0492277
0.0501454
0.0511068
0.052099
0.0530979
0.0541014
0.0550818
0.0560438
0.0569134
0.0577369
0.0584587
0.0194568
0.0180183
0.0143359
0.00996503
0.0071955
0.00679796
0.00775526
0.00880112
0.00947327
0.00986371
0.0101405
0.0103855
0.0106586
0.0109693
0.0112407
0.0114626
0.0117051
0.0119681
0.0122186
0.0124453
0.0126482
0.0128805
0.0131791
0.0134818
0.0137177
0.0139327
0.0142298
0.0146013
0.0149273
0.0151794
0.0154737
0.0158374
0.016184
0.0164959
0.0168195
0.0171539
0.0174854
0.0178481
0.0182584
0.0186784
0.0190997
0.019542
0.0199863
0.0204089
0.0207866
0.0211433
0.0215146
0.0219177
0.0223296
0.0227546
0.0232146
0.0237081
0.024196
0.0246515
0.0251426
0.0256722
0.0261885
0.0266994
0.0272347
0.0277415
0.0282378
0.0287408
0.0292723
0.0298434
0.0304498
0.0310731
0.0317299
0.0323614
0.0329603
0.0335561
0.0341625
0.0348194
0.0355099
0.0362068
0.0368838
0.0375841
0.0382823
0.0390202
0.0397722
0.0405496
0.0413241
0.0421109
0.0429389
0.043776
0.0446336
0.0455064
0.0464001
0.0473326
0.0482641
0.0492279
0.0501455
0.0511069
0.0520992
0.0530981
0.0541018
0.0550823
0.0560444
0.0569152
0.0577394
0.0584596
0.0189174
0.0176208
0.0143667
0.0103134
0.00755615
0.00699607
0.0078303
0.00884092
0.00951493
0.00990828
0.0101835
0.0104243
0.0106886
0.0109883
0.011254
0.0114772
0.0117213
0.0119813
0.0122275
0.0124539
0.0126605
0.0128938
0.0131883
0.0134874
0.0137255
0.0139444
0.0142406
0.0146075
0.0149317
0.0151859
0.0154811
0.0158428
0.0161879
0.0165002
0.0168245
0.0171589
0.01749
0.0178519
0.0182612
0.0186805
0.0191013
0.0195426
0.0199858
0.020408
0.0207867
0.0211449
0.0215169
0.0219197
0.0223316
0.0227568
0.0232165
0.0237091
0.0241967
0.0246527
0.0251436
0.0256725
0.0261885
0.0266996
0.0272349
0.0277417
0.0282384
0.0287419
0.0292736
0.0298447
0.0304507
0.0310733
0.0317297
0.0323614
0.0329605
0.0335564
0.0341631
0.0348201
0.0355105
0.0362073
0.0368844
0.0375848
0.038283
0.0390209
0.0397729
0.0405502
0.0413246
0.0421115
0.0429394
0.0437764
0.0446339
0.0455067
0.0464003
0.0473329
0.0482644
0.0492281
0.0501457
0.0511071
0.0520995
0.0530983
0.0541023
0.0550829
0.0560451
0.0569174
0.0577424
0.0584607
0.0184203
0.0172307
0.0143708
0.0106409
0.00791839
0.00720806
0.00791212
0.00887901
0.00955368
0.00995273
0.0102283
0.0104647
0.0107195
0.0110077
0.0112677
0.0114923
0.011738
0.011995
0.0122368
0.0124632
0.0126735
0.012908
0.0131982
0.0134933
0.0137333
0.0139563
0.0142518
0.014614
0.0149364
0.0151927
0.0154888
0.0158485
0.016192
0.0165046
0.0168296
0.017164
0.0174948
0.017856
0.0182643
0.018683
0.0191032
0.0195434
0.0199852
0.0204069
0.0207866
0.0211464
0.0215192
0.0219219
0.0223338
0.0227593
0.0232185
0.0237102
0.0241976
0.024654
0.0251448
0.0256729
0.0261885
0.0266997
0.0272349
0.0277417
0.0282387
0.0287428
0.029275
0.0298463
0.030452
0.0310736
0.0317293
0.0323611
0.0329604
0.0335565
0.0341637
0.034821
0.0355112
0.0362078
0.036885
0.0375855
0.0382837
0.0390216
0.0397736
0.0405509
0.0413253
0.0421123
0.04294
0.0437769
0.0446343
0.045507
0.0464005
0.0473331
0.0482647
0.0492284
0.050146
0.0511073
0.0520997
0.0530985
0.0541028
0.0550836
0.0560458
0.0569201
0.0577459
0.058462
0.0179611
0.0168508
0.0143495
0.0109451
0.00827972
0.00743397
0.0080029
0.00891691
0.00958943
0.00999632
0.0102744
0.0105068
0.0107513
0.0110273
0.0112814
0.0115077
0.0117552
0.0120092
0.0122466
0.0124729
0.0126872
0.0129231
0.013209
0.0134998
0.0137414
0.0139685
0.0142634
0.0146209
0.0149413
0.0151997
0.0154968
0.0158545
0.0161963
0.0165094
0.0168349
0.0171693
0.0174998
0.0178605
0.0182678
0.0186857
0.0191053
0.0195444
0.0199846
0.0204056
0.0207863
0.0211478
0.0215215
0.0219243
0.0223363
0.022762
0.0232207
0.0237114
0.0241985
0.0246554
0.0251462
0.0256733
0.0261885
0.0266996
0.0272346
0.0277414
0.0282389
0.0287435
0.0292762
0.029848
0.0304538
0.0310743
0.0317288
0.0323604
0.03296
0.0335563
0.0341642
0.034822
0.035512
0.0362084
0.0368856
0.0375862
0.0382844
0.0390225
0.0397745
0.0405516
0.0413261
0.0421132
0.0429408
0.0437775
0.0446348
0.0455074
0.0464008
0.0473334
0.048265
0.0492287
0.0501463
0.0511075
0.0521
0.0530987
0.0541033
0.0550845
0.0560467
0.0569231
0.05775
0.0584636
0.0175344
0.0164834
0.0143042
0.0112242
0.0086376
0.00767333
0.00810483
0.00895669
0.00962234
0.0100382
0.0103212
0.0105504
0.010784
0.0110473
0.0112952
0.0115235
0.011773
0.012024
0.0122568
0.0124832
0.0127017
0.0129392
0.0132207
0.0135068
0.0137497
0.0139811
0.0142754
0.0146281
0.0149464
0.015207
0.0155052
0.0158609
0.0162011
0.0165145
0.0168405
0.0171748
0.0175051
0.0178654
0.0182717
0.0186887
0.0191077
0.0195456
0.0199841
0.0204042
0.0207859
0.0211493
0.021524
0.0219267
0.0223388
0.022765
0.0232232
0.0237127
0.0241994
0.0246569
0.0251476
0.0256739
0.0261884
0.0266994
0.0272342
0.0277409
0.0282388
0.028744
0.0292773
0.0298497
0.0304557
0.0310752
0.0317283
0.0323594
0.0329591
0.0335558
0.0341645
0.0348229
0.0355129
0.036209
0.0368862
0.0375867
0.0382851
0.0390233
0.0397753
0.0405524
0.0413269
0.0421142
0.0429418
0.0437783
0.0446355
0.045508
0.0464012
0.0473336
0.0482653
0.049229
0.0501468
0.0511078
0.0521004
0.0530989
0.0541039
0.0550854
0.0560476
0.0569266
0.0577547
0.0584653
0.0171352
0.0161302
0.0142365
0.0114764
0.00898956
0.00792524
0.00821969
0.00900052
0.00965283
0.0100776
0.0103684
0.0105958
0.0108183
0.0110679
0.0113094
0.0115397
0.0117915
0.0120394
0.0122676
0.012494
0.0127169
0.0129562
0.0132332
0.0135144
0.0137584
0.0139941
0.014288
0.0146358
0.0149519
0.0152147
0.015514
0.0158675
0.016206
0.0165198
0.0168464
0.0171806
0.017511
0.0178709
0.018276
0.0186921
0.0191105
0.0195471
0.0199836
0.0204027
0.0207855
0.0211508
0.0215265
0.0219292
0.0223416
0.0227681
0.0232258
0.0237141
0.0242004
0.0246584
0.0251492
0.0256746
0.0261884
0.0266992
0.0272336
0.0277403
0.0282388
0.0287445
0.0292783
0.0298513
0.0304575
0.0310762
0.0317277
0.0323582
0.0329581
0.0335551
0.0341648
0.0348239
0.0355139
0.0362097
0.0368868
0.0375873
0.0382858
0.0390242
0.0397763
0.0405532
0.0413278
0.0421154
0.0429429
0.0437792
0.0446364
0.0455087
0.0464017
0.0473339
0.0482655
0.0492293
0.0501473
0.0511083
0.0521008
0.053099
0.0541044
0.0550864
0.0560486
0.0569303
0.0577598
0.0584672
0.016759
0.0157925
0.0141487
0.0117008
0.00933337
0.00818805
0.00834855
0.00905046
0.00968184
0.0101141
0.0104154
0.0106432
0.0108547
0.0110898
0.0113243
0.0115567
0.0118109
0.0120557
0.012279
0.0125054
0.0127328
0.012974
0.0132465
0.0135225
0.0137676
0.0140076
0.0143012
0.0146439
0.0149576
0.0152227
0.0155232
0.0158745
0.0162112
0.0165254
0.0168526
0.0171868
0.0175174
0.017877
0.0182808
0.0186958
0.0191135
0.0195488
0.0199833
0.0204012
0.0207851
0.0211524
0.0215292
0.0219319
0.0223444
0.0227714
0.0232285
0.0237156
0.0242013
0.02466
0.0251508
0.0256753
0.0261885
0.0266989
0.027233
0.0277397
0.0282388
0.0287451
0.0292794
0.0298527
0.0304593
0.0310773
0.031727
0.0323567
0.0329568
0.0335544
0.0341651
0.0348249
0.0355149
0.0362104
0.0368874
0.0375878
0.0382864
0.0390251
0.0397772
0.0405539
0.0413286
0.0421166
0.0429441
0.0437801
0.0446373
0.0455096
0.0464023
0.0473342
0.0482658
0.0492295
0.0501478
0.0511088
0.0521012
0.0530993
0.054105
0.0550875
0.0560498
0.0569343
0.0577654
0.0584693
0.0164019
0.0154707
0.014044
0.0118978
0.009667
0.00845911
0.0084915
0.00910854
0.00971107
0.0101477
0.0104615
0.0106923
0.0108934
0.0111134
0.0113402
0.0115746
0.0118314
0.0120729
0.0122911
0.0125173
0.0127495
0.0129926
0.0132605
0.013531
0.0137771
0.0140216
0.014315
0.0146525
0.0149637
0.0152311
0.0155328
0.0158818
0.0162165
0.0165311
0.0168591
0.0171936
0.0175244
0.0178837
0.0182861
0.0186998
0.0191167
0.0195508
0.0199831
0.0203997
0.0207847
0.0211541
0.0215319
0.0219347
0.0223475
0.0227749
0.0232315
0.0237171
0.0242024
0.0246616
0.0251526
0.0256761
0.0261885
0.0266986
0.0272323
0.0277391
0.0282389
0.0287459
0.0292806
0.0298541
0.0304609
0.0310782
0.0317263
0.032355
0.0329555
0.0335539
0.0341655
0.034826
0.0355158
0.0362111
0.036888
0.0375883
0.0382871
0.039026
0.0397782
0.0405547
0.0413294
0.0421178
0.0429454
0.0437812
0.0446383
0.0455106
0.0464031
0.0473346
0.048266
0.0492297
0.0501484
0.0511095
0.0521018
0.0530995
0.0541056
0.0550886
0.056051
0.0569386
0.0577714
0.0584716
0.0160604
0.0151647
0.0139261
0.0120684
0.00998827
0.0087354
0.0086481
0.00917667
0.00974256
0.0101787
0.0105058
0.0107427
0.0109346
0.0111391
0.0113576
0.0115937
0.0118529
0.0120911
0.0123039
0.0125299
0.0127668
0.013012
0.013275
0.01354
0.013787
0.0140362
0.0143294
0.0146616
0.0149702
0.01524
0.015543
0.0158894
0.0162219
0.0165369
0.0168658
0.0172008
0.017532
0.0178909
0.0182918
0.0187042
0.0191203
0.0195529
0.019983
0.0203983
0.0207844
0.0211558
0.0215348
0.0219376
0.0223507
0.0227786
0.0232346
0.0237188
0.0242034
0.0246633
0.0251544
0.025677
0.0261887
0.0266984
0.0272317
0.0277386
0.0282392
0.0287471
0.0292822
0.0298556
0.0304624
0.0310791
0.0317256
0.0323533
0.0329543
0.0335536
0.0341663
0.0348272
0.0355168
0.0362118
0.0368886
0.0375889
0.0382879
0.039027
0.0397793
0.0405554
0.0413302
0.042119
0.0429468
0.0437823
0.0446394
0.0455116
0.0464039
0.047335
0.0482662
0.0492298
0.050149
0.0511103
0.0521025
0.0530999
0.0541061
0.0550899
0.0560523
0.056943
0.0577777
0.0584742
0.0157329
0.0148748
0.0137977
0.0122129
0.0102952
0.00901443
0.00881741
0.00925625
0.00977835
0.0102078
0.0105476
0.0107936
0.0109785
0.0111674
0.0113767
0.011614
0.0118755
0.0121102
0.0123174
0.012543
0.0127848
0.0130322
0.0132902
0.0135493
0.0137974
0.0140514
0.0143444
0.0146712
0.014977
0.0152494
0.0155536
0.0158974
0.0162275
0.0165428
0.0168728
0.0172085
0.0175401
0.0178986
0.0182979
0.0187088
0.019124
0.0195552
0.0199831
0.020397
0.0207841
0.0211576
0.0215378
0.0219407
0.022354
0.0227825
0.0232378
0.0237205
0.0242045
0.0246651
0.0251563
0.0256779
0.0261888
0.0266982
0.0272311
0.0277383
0.0282397
0.0287485
0.0292841
0.0298574
0.0304638
0.03108
0.031725
0.0323516
0.0329532
0.0335537
0.0341673
0.0348285
0.0355176
0.0362123
0.0368892
0.0375896
0.0382888
0.0390281
0.0397803
0.0405563
0.0413311
0.0421203
0.0429481
0.0437834
0.0446405
0.0455127
0.0464049
0.0473356
0.0482664
0.0492298
0.0501496
0.0511111
0.0521032
0.0531002
0.0541067
0.0550912
0.0560538
0.0569477
0.0577844
0.058477
0.0154181
0.0146019
0.013661
0.0123307
0.0105863
0.00929437
0.00899766
0.00934795
0.00982062
0.0102362
0.0105865
0.0108441
0.0110247
0.0111983
0.0113978
0.0116357
0.0118992
0.0121301
0.0123315
0.0125568
0.0128037
0.0130533
0.0133062
0.0135592
0.0138081
0.0140672
0.0143601
0.0146812
0.0149842
0.0152592
0.0155648
0.0159057
0.0162332
0.0165488
0.0168801
0.0172167
0.0175487
0.0179067
0.0183043
0.0187137
0.019128
0.0195577
0.0199832
0.0203957
0.0207838
0.0211596
0.021541
0.0219439
0.0223575
0.0227865
0.0232412
0.0237224
0.0242056
0.0246669
0.0251583
0.0256789
0.0261891
0.026698
0.0272306
0.0277381
0.0282405
0.0287502
0.0292865
0.0298595
0.0304654
0.0310809
0.0317244
0.03235
0.0329523
0.0335543
0.0341688
0.0348299
0.0355185
0.0362127
0.0368897
0.0375904
0.03829
0.0390293
0.0397814
0.0405571
0.041332
0.0421215
0.0429495
0.0437846
0.0446416
0.0455139
0.0464059
0.0473362
0.0482666
0.0492298
0.0501502
0.051112
0.0521041
0.0531007
0.0541074
0.0550925
0.0560554
0.0569525
0.0577913
0.05848
0.0151132
0.0143475
0.0135195
0.0124211
0.0108604
0.00957372
0.00918618
0.00945172
0.0098716
0.0102659
0.0106225
0.010893
0.0110724
0.011232
0.0114212
0.011659
0.011924
0.0121508
0.0123463
0.0125714
0.0128234
0.0130753
0.0133229
0.0135695
0.0138193
0.0140836
0.0143766
0.0146918
0.0149918
0.0152695
0.0155765
0.0159144
0.0162392
0.0165552
0.0168878
0.0172253
0.0175576
0.0179151
0.018311
0.0187189
0.0191322
0.0195604
0.0199835
0.0203945
0.0207837
0.0211616
0.0215443
0.0219472
0.0223611
0.0227906
0.0232448
0.0237243
0.0242068
0.0246688
0.0251604
0.0256799
0.0261894
0.0266979
0.0272301
0.0277381
0.0282414
0.0287523
0.0292892
0.029862
0.030467
0.0310818
0.031724
0.0323485
0.0329517
0.0335551
0.0341705
0.0348315
0.0355193
0.036213
0.0368902
0.0375913
0.0382913
0.0390306
0.0397825
0.0405581
0.0413331
0.0421228
0.042951
0.0437858
0.0446428
0.0455151
0.046407
0.0473369
0.0482668
0.0492299
0.0501508
0.0511129
0.052105
0.0531012
0.0541081
0.055094
0.0560572
0.0569574
0.0577986
0.0584833
0.0148136
0.0141111
0.0133794
0.0124846
0.0111157
0.00985135
0.00938012
0.0095665
0.00993333
0.0102992
0.0106559
0.0109393
0.0111206
0.0112684
0.0114471
0.0116842
0.0119502
0.0121724
0.0123617
0.0125866
0.012844
0.0130982
0.0133405
0.0135805
0.013831
0.0141006
0.0143938
0.014703
0.0149998
0.0152803
0.0155888
0.0159235
0.0162455
0.0165619
0.016896
0.0172342
0.0175669
0.0179237
0.0183178
0.0187242
0.0191365
0.0195632
0.019984
0.0203935
0.0207835
0.0211637
0.0215477
0.0219506
0.0223648
0.0227949
0.0232485
0.0237264
0.0242081
0.0246709
0.0251626
0.025681
0.0261898
0.0266979
0.0272298
0.0277381
0.0282425
0.0287545
0.0292923
0.0298647
0.0304687
0.0310828
0.0317236
0.032347
0.0329512
0.0335562
0.0341725
0.0348332
0.0355201
0.0362133
0.0368907
0.0375923
0.0382928
0.0390321
0.0397837
0.0405591
0.0413342
0.0421241
0.0429524
0.043787
0.044644
0.0455164
0.0464082
0.0473377
0.0482671
0.0492299
0.0501514
0.0511138
0.052106
0.0531017
0.0541089
0.0550956
0.0560591
0.0569626
0.0578061
0.0584869
0.0145137
0.0138882
0.0132473
0.0125238
0.0113492
0.0101268
0.00957769
0.00968991
0.010007
0.0103386
0.0106876
0.0109822
0.011168
0.0113068
0.0114759
0.0117115
0.0119777
0.012195
0.0123778
0.0126024
0.0128655
0.0131222
0.0133588
0.0135921
0.0138432
0.0141183
0.0144117
0.0147147
0.0150081
0.0152914
0.0156016
0.015933
0.0162521
0.0165689
0.0169045
0.0172435
0.0175763
0.0179325
0.0183249
0.0187298
0.0191411
0.0195662
0.0199846
0.0203925
0.0207835
0.021166
0.0215512
0.0219541
0.0223685
0.0227993
0.0232524
0.0237286
0.0242095
0.024673
0.0251649
0.0256822
0.0261902
0.0266979
0.0272295
0.0277383
0.0282438
0.0287569
0.0292956
0.0298676
0.0304705
0.0310838
0.0317232
0.0323457
0.0329508
0.0335574
0.0341746
0.034835
0.0355209
0.0362136
0.0368912
0.0375934
0.0382944
0.0390337
0.0397849
0.0405601
0.0413355
0.0421256
0.042954
0.0437883
0.0446454
0.0455177
0.0464095
0.0473386
0.0482675
0.0492299
0.0501521
0.0511149
0.0521071
0.0531023
0.0541098
0.0550974
0.0560613
0.0569678
0.0578139
0.0584907
0.0142106
0.0136706
0.0131279
0.0125435
0.0115567
0.0103994
0.00977937
0.00981859
0.0100924
0.0103871
0.0107191
0.0110212
0.0112137
0.0113465
0.0115074
0.0117413
0.012007
0.0122188
0.0123946
0.0126188
0.0128878
0.0131472
0.013378
0.0136042
0.013856
0.0141367
0.0144304
0.0147271
0.015017
0.0153031
0.0156149
0.0159431
0.016259
0.0165764
0.0169135
0.0172532
0.0175861
0.0179415
0.0183322
0.0187356
0.0191459
0.0195694
0.0199854
0.0203917
0.0207836
0.0211684
0.0215549
0.0219576
0.0223723
0.0228038
0.0232564
0.0237309
0.0242109
0.0246751
0.0251673
0.0256833
0.0261906
0.026698
0.0272293
0.0277396
0.0282452
0.0287594
0.0292991
0.0298706
0.0304723
0.0310848
0.0317229
0.0323443
0.0329505
0.0335587
0.0341768
0.0348369
0.0355218
0.036214
0.0368918
0.0375945
0.0382962
0.0390354
0.0397862
0.0405612
0.0413368
0.0421271
0.0429556
0.0437897
0.0446467
0.0455191
0.0464109
0.0473395
0.0482679
0.04923
0.0501528
0.0511159
0.0521083
0.053103
0.0541107
0.0550993
0.0560636
0.0569733
0.057822
0.0584949
0.0139089
0.0134491
0.0130216
0.0125523
0.011734
0.0106663
0.00998765
0.00994969
0.0101874
0.0104476
0.0107529
0.011056
0.0112565
0.0113866
0.0115415
0.0117738
0.0120381
0.0122437
0.0124124
0.012636
0.0129109
0.0131732
0.0133981
0.0136169
0.0138694
0.0141558
0.0144498
0.01474
0.0150262
0.0153153
0.0156289
0.0159536
0.0162663
0.0165843
0.016923
0.0172632
0.017596
0.0179508
0.0183397
0.0187416
0.0191509
0.0195728
0.0199863
0.020391
0.0207838
0.021171
0.0215587
0.0219613
0.0223762
0.0228084
0.0232605
0.0237333
0.0242124
0.0246774
0.0251698
0.0256846
0.0261911
0.0266982
0.0272292
0.0277399
0.0282466
0.028762
0.0293027
0.0298738
0.0304743
0.0310858
0.0317226
0.032343
0.0329502
0.0335601
0.034179
0.0348388
0.0355227
0.0362143
0.0368924
0.0375957
0.038298
0.0390372
0.0397875
0.0405624
0.0413382
0.0421288
0.0429573
0.0437911
0.0446482
0.0455205
0.0464123
0.0473405
0.0482683
0.0492301
0.0501535
0.0511171
0.0521095
0.0531038
0.0541116
0.0551013
0.0560661
0.0569789
0.0578305
0.0584993
0.0136182
0.0132175
0.0129232
0.0125609
0.0118812
0.01092
0.0102045
0.010083
0.0102882
0.0105216
0.0107924
0.0110868
0.0112955
0.0114263
0.0115777
0.0118092
0.0120716
0.01227
0.0124312
0.0126541
0.0129347
0.0132
0.0134191
0.0136302
0.0138834
0.0141759
0.0144701
0.0147535
0.0150359
0.015328
0.0156434
0.0159646
0.0162741
0.0165926
0.016933
0.0172736
0.0176063
0.0179602
0.0183475
0.0187478
0.0191561
0.0195765
0.0199875
0.0203905
0.0207841
0.0211737
0.0215627
0.021965
0.0223801
0.0228131
0.0232648
0.0237359
0.0242139
0.0246798
0.0251725
0.0256859
0.0261915
0.0266984
0.0272292
0.0277403
0.0282482
0.0287647
0.0293063
0.0298771
0.0304762
0.0310868
0.0317222
0.0323417
0.03295
0.0335614
0.0341812
0.0348408
0.0355237
0.0362147
0.036893
0.037597
0.0382998
0.039039
0.0397889
0.0405636
0.0413397
0.0421305
0.042959
0.0437926
0.0446496
0.045522
0.0464137
0.0473415
0.0482688
0.0492303
0.0501543
0.0511183
0.0521108
0.0531046
0.0541127
0.0551035
0.0560689
0.0569847
0.0578393
0.0585041
0.013347
0.0129758
0.0128237
0.0125784
0.0120045
0.0111512
0.010429
0.0102221
0.0103901
0.0106081
0.0108421
0.0111151
0.0113293
0.0114647
0.0116152
0.0118472
0.0121075
0.012298
0.012451
0.0126732
0.0129595
0.0132277
0.0134409
0.0136443
0.0138978
0.0141967
0.0144914
0.0147676
0.015046
0.0153412
0.0156586
0.0159761
0.0162822
0.0166014
0.0169435
0.0172845
0.0176168
0.0179699
0.0183555
0.0187543
0.0191615
0.0195803
0.0199889
0.0203901
0.0207846
0.0211766
0.0215669
0.0219688
0.0223841
0.022818
0.0232693
0.0237386
0.0242156
0.0246823
0.0251752
0.0256872
0.026192
0.0266987
0.0272292
0.0277407
0.0282498
0.0287674
0.0293101
0.0298804
0.0304783
0.0310879
0.0317219
0.0323405
0.0329498
0.0335627
0.0341834
0.0348428
0.0355247
0.0362151
0.0368937
0.0375983
0.0383018
0.0390409
0.0397904
0.0405649
0.0413412
0.0421323
0.0429608
0.0437942
0.0446512
0.0455235
0.0464152
0.0473426
0.0482694
0.0492304
0.0501551
0.0511195
0.0521122
0.0531055
0.0541137
0.0551058
0.0560719
0.0569907
0.0578484
0.0585093
0.0131014
0.0127308
0.0127132
0.0126065
0.0121153
0.0113538
0.0106548
0.0103724
0.0104908
0.0107026
0.0109057
0.0111441
0.0113569
0.011501
0.0116539
0.0118874
0.0121459
0.012328
0.0124721
0.0126932
0.0129855
0.0132563
0.0134635
0.013659
0.0139129
0.0142183
0.0145138
0.0147824
0.0150564
0.015355
0.0156745
0.0159882
0.0162906
0.0166106
0.0169546
0.0172957
0.0176276
0.0179798
0.0183638
0.018761
0.0191672
0.0195844
0.0199906
0.02039
0.0207852
0.0211797
0.0215712
0.0219727
0.0223881
0.022823
0.023274
0.0237414
0.0242173
0.024685
0.0251782
0.0256887
0.0261925
0.0266992
0.0272293
0.0277412
0.0282514
0.0287703
0.0293139
0.0298837
0.0304804
0.031089
0.0317216
0.0323393
0.0329497
0.033564
0.0341856
0.0348448
0.0355257
0.0362156
0.0368945
0.0375997
0.0383038
0.0390428
0.0397919
0.0405663
0.0413428
0.0421342
0.0429628
0.0437958
0.0446528
0.0455252
0.0464168
0.0473437
0.04827
0.0492306
0.0501559
0.0511209
0.0521136
0.0531064
0.0541149
0.0551083
0.0560751
0.0569968
0.0578579
0.0585149
0.012884
0.0124928
0.0125849
0.0126378
0.0122262
0.0115286
0.010871
0.0105367
0.0105933
0.0107995
0.0109838
0.0111792
0.0113782
0.0115333
0.0116934
0.0119295
0.0121865
0.0123601
0.0124947
0.0127142
0.0130126
0.0132861
0.0134868
0.0136744
0.0139286
0.0142405
0.0145371
0.0147982
0.0150672
0.0153692
0.0156912
0.0160009
0.0162995
0.0166203
0.0169661
0.0173074
0.0176388
0.01799
0.0183723
0.018768
0.0191732
0.0195888
0.0199926
0.02039
0.020786
0.021183
0.0215758
0.0219767
0.0223923
0.0228282
0.0232789
0.0237444
0.024219
0.0246877
0.0251812
0.0256901
0.0261931
0.0266996
0.0272295
0.0277418
0.0282532
0.0287731
0.0293177
0.0298871
0.0304825
0.0310902
0.0317213
0.0323382
0.0329496
0.0335652
0.0341878
0.034847
0.0355268
0.036216
0.0368953
0.0376011
0.0383058
0.0390448
0.0397935
0.0405677
0.0413444
0.0421361
0.0429647
0.0437975
0.0446545
0.0455268
0.0464184
0.0473449
0.0482707
0.0492309
0.0501568
0.0511222
0.052115
0.0531075
0.0541161
0.055111
0.0560786
0.0570031
0.0578677
0.0585209
0.0126937
0.0122715
0.0124379
0.0126611
0.0123455
0.0116841
0.0110671
0.0107112
0.0107045
0.010895
0.0110726
0.0112255
0.0113956
0.0115594
0.0117332
0.0119737
0.0122288
0.012394
0.0125191
0.0127366
0.0130407
0.0133174
0.0135111
0.0136901
0.013945
0.0142636
0.0145613
0.0148149
0.0150786
0.0153838
0.0157085
0.0160143
0.0163089
0.0166305
0.0169783
0.0173196
0.0176502
0.0180004
0.0183811
0.0187753
0.0191795
0.0195935
0.0199948
0.0203903
0.020787
0.0211865
0.0215805
0.0219809
0.0223964
0.0228335
0.0232839
0.0237475
0.0242209
0.0246905
0.0251844
0.0256917
0.0261936
0.0267002
0.0272299
0.0277425
0.0282549
0.0287761
0.0293216
0.0298905
0.0304847
0.0310914
0.0317211
0.0323371
0.0329495
0.0335665
0.03419
0.0348491
0.0355279
0.0362166
0.0368962
0.0376026
0.0383078
0.0390468
0.0397952
0.0405692
0.0413461
0.0421381
0.0429668
0.0437993
0.0446562
0.0455286
0.0464201
0.0473461
0.0482714
0.0492312
0.0501578
0.0511237
0.0521165
0.0531087
0.0541175
0.0551139
0.0560824
0.0570096
0.0578778
0.0585273
0.0125249
0.012075
0.0122771
0.0126662
0.0124727
0.0118318
0.0112387
0.0108861
0.010829
0.0109907
0.0111666
0.0112853
0.0114141
0.0115783
0.0117715
0.0120202
0.0122728
0.0124292
0.0125453
0.0127607
0.0130699
0.0133499
0.0135369
0.0137064
0.0139617
0.0142876
0.0145865
0.0148325
0.0150907
0.0153989
0.0157264
0.0160284
0.0163188
0.0166411
0.016991
0.0173323
0.0176619
0.018011
0.0183901
0.0187829
0.0191861
0.0195984
0.0199973
0.0203908
0.0207881
0.0211902
0.0215855
0.0219852
0.0224007
0.0228389
0.0232892
0.0237507
0.0242228
0.0246935
0.0251878
0.0256933
0.0261942
0.0267009
0.0272303
0.0277432
0.0282568
0.0287791
0.0293255
0.029894
0.030487
0.0310927
0.0317209
0.0323361
0.0329495
0.0335677
0.0341922
0.0348513
0.0355291
0.0362172
0.0368971
0.0376042
0.03831
0.0390489
0.0397969
0.0405708
0.0413479
0.0421402
0.0429689
0.0438011
0.044658
0.0455304
0.0464218
0.0473474
0.0482722
0.0492315
0.0501588
0.0511252
0.052118
0.05311
0.0541189
0.0551169
0.0560864
0.0570162
0.0578883
0.0585343
0.0123686
0.011909
0.0121111
0.0126452
0.0126005
0.0119828
0.0113902
0.0110504
0.0109652
0.0110923
0.0112618
0.0113559
0.0114393
0.0115912
0.0118057
0.0120688
0.0123189
0.0124653
0.0125726
0.0127869
0.0131008
0.0133833
0.0135641
0.0137236
0.0139784
0.0143123
0.0146129
0.0148509
0.0151035
0.0154146
0.0157449
0.0160432
0.0163292
0.0166522
0.0170043
0.0173456
0.0176739
0.0180219
0.0183995
0.0187909
0.019193
0.0196037
0.0200002
0.0203916
0.0207895
0.0211941
0.0215906
0.0219896
0.022405
0.0228444
0.0232946
0.0237541
0.0242248
0.0246965
0.0251913
0.025695
0.0261949
0.0267017
0.0272309
0.027744
0.0282587
0.0287821
0.0293294
0.0298974
0.0304893
0.0310941
0.0317207
0.0323352
0.0329496
0.0335689
0.0341943
0.0348536
0.0355303
0.0362178
0.0368981
0.0376058
0.0383121
0.0390511
0.0397987
0.0405724
0.0413497
0.0421424
0.0429711
0.043803
0.0446599
0.0455322
0.0464235
0.0473487
0.0482731
0.0492318
0.0501599
0.0511268
0.0521197
0.0531113
0.0541204
0.0551202
0.0560908
0.057023
0.0578991
0.0585417
0.0122148
0.0117754
0.0119509
0.0125936
0.0127183
0.0121423
0.011531
0.0111984
0.0111052
0.0112039
0.0113594
0.0114334
0.0114735
0.0116021
0.0118343
0.012118
0.0123677
0.0125027
0.0126004
0.0128145
0.013134
0.0134181
0.0135925
0.0137422
0.0139954
0.0143373
0.0146405
0.0148702
0.0151168
0.0154312
0.0157643
0.0160585
0.0163401
0.0166638
0.0170181
0.0173593
0.0176864
0.0180331
0.0184091
0.0187991
0.0192002
0.0196093
0.0200034
0.0203927
0.0207911
0.0211983
0.0215961
0.0219941
0.0224094
0.0228501
0.0233003
0.0237577
0.0242269
0.0246998
0.025195
0.0256968
0.0261956
0.0267026
0.0272316
0.0277449
0.0282607
0.0287852
0.0293333
0.0299009
0.0304917
0.0310955
0.0317206
0.0323344
0.0329498
0.0335701
0.0341965
0.0348559
0.0355316
0.0362185
0.0368992
0.0376075
0.0383143
0.0390533
0.0398006
0.0405742
0.0413516
0.0421447
0.0429734
0.0438049
0.0446619
0.0455342
0.0464253
0.0473501
0.048274
0.0492322
0.050161
0.0511284
0.0521213
0.0531129
0.054122
0.0551236
0.0560955
0.05703
0.0579103
0.0585496
0.0120523
0.0116704
0.0118093
0.0125128
0.0128145
0.0123091
0.0116705
0.0113324
0.0112399
0.0113234
0.0114642
0.0115156
0.011515
0.0116148
0.0118581
0.0121658
0.0124188
0.0125417
0.0126286
0.0128426
0.0131694
0.0134551
0.0136218
0.0137622
0.0140133
0.0143622
0.0146692
0.0148908
0.0151305
0.0154484
0.0157846
0.0160745
0.0163515
0.016676
0.0170327
0.0173736
0.0176992
0.0180445
0.018419
0.0188078
0.0192077
0.0196152
0.020007
0.020394
0.0207929
0.0212027
0.0216018
0.0219987
0.0224138
0.022856
0.0233062
0.0237614
0.024229
0.0247031
0.0251989
0.0256987
0.0261963
0.0267036
0.0272324
0.0277459
0.0282627
0.0287884
0.0293373
0.0299045
0.0304942
0.0310969
0.0317206
0.0323337
0.0329501
0.0335713
0.0341986
0.0348582
0.0355329
0.0362192
0.0369004
0.0376093
0.0383166
0.0390556
0.0398026
0.040576
0.0413535
0.0421471
0.0429758
0.043807
0.0446639
0.0455362
0.0464272
0.0473515
0.048275
0.0492327
0.0501622
0.0511302
0.052123
0.0531145
0.0541237
0.0551273
0.0561005
0.0570372
0.0579218
0.058558
0.0118734
0.011583
0.0116984
0.0124136
0.0128782
0.012476
0.0118146
0.0114586
0.0113657
0.0114428
0.0115778
0.0116059
0.0115616
0.0116301
0.0118796
0.0122116
0.0124711
0.0125823
0.0126579
0.0128709
0.0132062
0.0134951
0.0136526
0.0137829
0.0140324
0.0143875
0.0146983
0.0149127
0.0151449
0.015466
0.0158061
0.0160914
0.0163633
0.0166888
0.0170479
0.0173884
0.0177123
0.0180562
0.0184292
0.0188167
0.0192157
0.0196216
0.0200109
0.0203957
0.020795
0.0212074
0.0216077
0.0220036
0.0224183
0.0228619
0.0233124
0.0237653
0.0242312
0.0247065
0.0252029
0.0257006
0.0261972
0.0267047
0.0272334
0.027747
0.0282648
0.0287916
0.0293413
0.029908
0.0304967
0.0310985
0.0317206
0.0323331
0.0329504
0.0335725
0.0342008
0.0348606
0.0355343
0.03622
0.0369016
0.0376112
0.0383189
0.0390579
0.0398046
0.0405779
0.0413555
0.0421495
0.0429783
0.043809
0.0446661
0.0455383
0.0464291
0.047353
0.0482761
0.0492332
0.0501634
0.051132
0.0521248
0.0531163
0.0541256
0.0551312
0.0561059
0.0570445
0.0579336
0.058567
0.0116759
0.0114985
0.0116236
0.0123121
0.012904
0.0126326
0.0119646
0.0115833
0.0114863
0.0115548
0.0116948
0.0117095
0.0116149
0.0116452
0.0118999
0.0122569
0.012524
0.0126236
0.0126883
0.0128999
0.0132431
0.0135377
0.0136861
0.0138039
0.0140524
0.014414
0.0147276
0.0149355
0.0151603
0.015484
0.0158285
0.0161093
0.0163754
0.0167018
0.0170639
0.0174039
0.0177259
0.0180682
0.0184397
0.018826
0.0192241
0.0196283
0.0200153
0.0203978
0.0207973
0.0212123
0.021614
0.0220086
0.0224228
0.022868
0.0233188
0.0237695
0.0242335
0.0247101
0.0252072
0.0257027
0.026198
0.026706
0.0272345
0.0277481
0.028267
0.0287949
0.0293454
0.0299116
0.0304993
0.0311001
0.0317207
0.0323327
0.0329508
0.0335737
0.0342029
0.0348631
0.0355357
0.0362208
0.0369029
0.0376131
0.0383213
0.0390603
0.0398068
0.0405799
0.0413576
0.0421521
0.0429809
0.0438112
0.0446683
0.0455405
0.0464311
0.0473546
0.0482772
0.0492337
0.0501647
0.051134
0.0521266
0.0531182
0.0541276
0.0551352
0.0561117
0.0570521
0.0579458
0.0585766
0.0114635
0.0114019
0.0115789
0.0122259
0.0128959
0.0127679
0.0121165
0.0117091
0.0116085
0.0116589
0.0118047
0.0118263
0.0116826
0.0116593
0.011916
0.0123034
0.0125791
0.0126641
0.0127188
0.0129308
0.0132802
0.0135814
0.0137234
0.0138261
0.0140722
0.0144421
0.0147579
0.0149586
0.0151766
0.0155026
0.0158518
0.0161286
0.016388
0.0167151
0.0170805
0.0174202
0.0177398
0.0180806
0.0184505
0.0188356
0.0192327
0.0196355
0.0200202
0.0204002
0.0207998
0.0212175
0.0216206
0.0220139
0.0224274
0.0228741
0.0233254
0.0237738
0.0242359
0.0247139
0.0252117
0.0257049
0.026199
0.0267074
0.0272358
0.0277494
0.0282693
0.0287983
0.0293494
0.0299152
0.0305019
0.0311018
0.0317208
0.0323323
0.0329514
0.0335748
0.034205
0.0348656
0.0355372
0.0362218
0.0369044
0.0376151
0.0383237
0.0390627
0.039809
0.040582
0.0413598
0.0421547
0.0429835
0.0438134
0.0446705
0.0455427
0.0464331
0.0473563
0.0482785
0.0492343
0.0501661
0.051136
0.0521285
0.0531204
0.0541297
0.0551395
0.0561179
0.0570598
0.0579582
0.0585867
0.0112461
0.0112829
0.0115492
0.0121686
0.0128667
0.012874
0.0122638
0.0118332
0.0117364
0.0117636
0.0118988
0.0119469
0.0117725
0.0116776
0.0119226
0.0123494
0.0126403
0.0127049
0.0127463
0.0129633
0.0133192
0.013625
0.0137637
0.0138514
0.0140913
0.0144709
0.0147905
0.0149818
0.0151929
0.0155222
0.0158759
0.016149
0.0164015
0.0167285
0.0170977
0.0174373
0.0177542
0.0180931
0.0184617
0.0188456
0.0192417
0.0196432
0.0200256
0.0204031
0.0208027
0.0212229
0.0216275
0.0220194
0.0224321
0.0228804
0.0233323
0.0237784
0.0242383
0.0247177
0.0252164
0.0257073
0.0262
0.026709
0.0272373
0.0277508
0.0282716
0.0288017
0.0293535
0.0299188
0.0305046
0.0311036
0.0317211
0.0323322
0.0329521
0.033576
0.0342072
0.0348681
0.0355388
0.0362227
0.0369059
0.0376172
0.0383262
0.0390653
0.0398113
0.0405842
0.041362
0.0421575
0.0429863
0.0438157
0.0446729
0.045545
0.0464352
0.047358
0.0482798
0.049235
0.0501675
0.0511382
0.0521305
0.0531226
0.0541321
0.055144
0.0561245
0.0570678
0.0579709
0.0585975
0.0110373
0.0111393
0.0115171
0.0121442
0.012834
0.0129508
0.0123999
0.0119494
0.0118676
0.0118796
0.011978
0.0120567
0.0118856
0.0117121
0.011918
0.0123874
0.0127101
0.0127508
0.0127683
0.0129944
0.0133623
0.0136691
0.0138048
0.0138807
0.014111
0.0144988
0.0148256
0.0150065
0.0152085
0.0155425
0.0159014
0.0161704
0.0164159
0.0167422
0.0171152
0.0174553
0.0177693
0.0181059
0.0184732
0.0188561
0.0192511
0.0196512
0.0200315
0.0204064
0.0208058
0.0212286
0.0216347
0.0220251
0.0224369
0.0228867
0.0233395
0.0237832
0.0242409
0.0247217
0.0252213
0.0257098
0.026201
0.0267107
0.027239
0.0277523
0.028274
0.0288051
0.0293576
0.0299225
0.0305074
0.0311054
0.0317214
0.0323321
0.0329529
0.0335772
0.0342093
0.0348708
0.0355404
0.0362238
0.0369074
0.0376193
0.0383288
0.0390679
0.0398136
0.0405865
0.0413644
0.0421603
0.0429891
0.0438181
0.0446754
0.0455474
0.0464374
0.0473599
0.0482812
0.0492358
0.050169
0.0511405
0.0521325
0.0531251
0.0541347
0.0551486
0.0561315
0.057076
0.0579839
0.0586089
0.0108498
0.0109777
0.0114648
0.0121446
0.0128157
0.013005
0.0125214
0.0120528
0.0119918
0.0120142
0.0120553
0.0121424
0.0120104
0.0117754
0.0119095
0.0124085
0.0127846
0.0128091
0.0127869
0.0130184
0.0134096
0.0137172
0.0138447
0.0139126
0.0141334
0.0145256
0.0148621
0.0150342
0.0152234
0.0155621
0.0159288
0.0161933
0.0164309
0.0167565
0.017133
0.0174739
0.0177851
0.018119
0.018485
0.0188671
0.019261
0.0196595
0.020038
0.0204103
0.0208092
0.0212345
0.0216422
0.0220311
0.0224418
0.0228933
0.0233469
0.0237882
0.0242435
0.0247258
0.0252264
0.0257124
0.0262022
0.0267125
0.0272409
0.027754
0.0282764
0.0288087
0.0293617
0.0299261
0.0305103
0.0311074
0.0317219
0.0323323
0.0329538
0.0335783
0.0342114
0.0348734
0.035542
0.0362249
0.0369091
0.0376216
0.0383314
0.0390705
0.0398161
0.0405889
0.0413668
0.0421633
0.0429921
0.0438206
0.0446779
0.0455499
0.0464396
0.0473618
0.0482828
0.0492366
0.0501705
0.051143
0.0521346
0.0531277
0.0541375
0.0551535
0.056139
0.0570845
0.0579971
0.0586209
0.0106926
0.0108135
0.0113799
0.0121509
0.0128234
0.0130487
0.0126296
0.0121419
0.0120965
0.0121645
0.0121485
0.0122017
0.0121276
0.011872
0.0119129
0.0124087
0.0128526
0.0128843
0.01281
0.0130303
0.0134557
0.0137734
0.0138849
0.0139435
0.0141598
0.0145531
0.0148983
0.0150652
0.015239
0.0155798
0.0159574
0.0162184
0.0164463
0.016771
0.0171514
0.017493
0.0178016
0.0181327
0.0184969
0.0188784
0.0192715
0.0196683
0.0200448
0.0204147
0.0208131
0.0212407
0.02165
0.0220374
0.0224467
0.0228999
0.0233547
0.0237934
0.0242462
0.0247301
0.0252318
0.0257152
0.0262035
0.0267145
0.0272431
0.0277557
0.028279
0.0288123
0.0293659
0.0299298
0.0305132
0.0311094
0.0317224
0.0323326
0.0329549
0.0335795
0.0342135
0.0348761
0.0355438
0.0362261
0.0369109
0.037624
0.0383341
0.0390733
0.0398187
0.0405914
0.0413693
0.0421664
0.0429951
0.0438231
0.0446806
0.0455525
0.0464418
0.0473638
0.0482844
0.0492376
0.0501722
0.0511456
0.0521368
0.0531305
0.0541405
0.0551585
0.0561468
0.0570932
0.0580106
0.0586334
0.0105698
0.0106638
0.0112631
0.0121414
0.0128568
0.0130968
0.0127287
0.0122204
0.0121718
0.0123153
0.0122726
0.012249
0.0122177
0.0119907
0.0119449
0.012396
0.0129017
0.0129714
0.0128485
0.0130321
0.0134918
0.0138389
0.0139309
0.0139704
0.0141874
0.0145841
0.014934
0.0150979
0.0152571
0.0155959
0.0159857
0.0162462
0.016463
0.0167854
0.0171703
0.0175128
0.0178186
0.018147
0.0185093
0.01889
0.0192825
0.0196778
0.0200521
0.0204196
0.0208174
0.0212473
0.0216583
0.022044
0.0224517
0.0229066
0.0233628
0.0237989
0.0242488
0.0247345
0.0252375
0.0257183
0.0262048
0.0267167
0.0272454
0.0277576
0.0282816
0.028816
0.02937
0.0299335
0.0305162
0.0311115
0.0317231
0.0323331
0.0329561
0.0335807
0.0342157
0.0348789
0.0355456
0.0362274
0.0369128
0.0376264
0.0383368
0.0390761
0.0398214
0.040594
0.0413719
0.0421695
0.0429983
0.0438257
0.0446833
0.0455552
0.0464442
0.0473659
0.0482861
0.0492386
0.0501739
0.0511483
0.052139
0.0531334
0.0541439
0.0551637
0.0561552
0.0571023
0.0580242
0.0586466
0.0104814
0.0105417
0.0111303
0.0120966
0.0129015
0.0131625
0.0128264
0.0122961
0.0122144
0.0124451
0.0124312
0.0123078
0.0122717
0.0121098
0.0120142
0.0123879
0.0129253
0.0130568
0.0129093
0.0130345
0.0135099
0.0139069
0.01399
0.0139946
0.0142109
0.0146201
0.0149722
0.0151304
0.0152776
0.0156121
0.0160125
0.0162761
0.0164819
0.0167997
0.0171896
0.0175334
0.0178359
0.0181617
0.0185222
0.0189018
0.0192938
0.0196879
0.02006
0.0204248
0.020822
0.0212541
0.021667
0.0220509
0.0224568
0.0229132
0.0233712
0.0238048
0.0242516
0.0247389
0.0252434
0.0257216
0.0262063
0.0267191
0.027248
0.0277596
0.0282843
0.0288198
0.0293742
0.0299372
0.0305193
0.0311138
0.0317238
0.0323337
0.0329574
0.0335819
0.0342179
0.0348817
0.0355474
0.0362288
0.0369148
0.037629
0.0383396
0.039079
0.0398241
0.0405968
0.0413746
0.0421728
0.0430015
0.0438284
0.0446862
0.0455579
0.0464466
0.0473682
0.0482878
0.0492397
0.0501756
0.0511512
0.0521414
0.0531366
0.0541476
0.0551691
0.0561639
0.0571117
0.058038
0.0586604
0.0104262
0.0104537
0.0110022
0.0120093
0.0129341
0.0132503
0.0129332
0.0123782
0.0122324
0.0125335
0.0126097
0.0124019
0.0123011
0.0122052
0.0121111
0.0124035
0.0129322
0.0131251
0.0129868
0.0130515
0.013511
0.0139652
0.0140651
0.0140242
0.0142249
0.0146576
0.0150173
0.015163
0.015298
0.0156299
0.0160384
0.0163064
0.0165032
0.0168146
0.0172088
0.0175549
0.0178538
0.0181767
0.0185359
0.0189143
0.0193055
0.0196985
0.0200688
0.0204306
0.0208267
0.0212613
0.0216762
0.0220583
0.0224619
0.0229199
0.02338
0.0238112
0.0242544
0.0247433
0.0252496
0.0257252
0.0262078
0.0267215
0.0272508
0.0277618
0.028287
0.0288237
0.0293785
0.0299409
0.0305224
0.0311161
0.0317248
0.0323346
0.0329589
0.0335831
0.03422
0.0348846
0.0355494
0.0362302
0.0369168
0.0376317
0.0383425
0.039082
0.039827
0.0405996
0.0413774
0.0421762
0.0430048
0.0438311
0.0446892
0.0455608
0.0464491
0.0473705
0.0482897
0.049241
0.0501775
0.0511543
0.0521438
0.0531398
0.0541516
0.0551747
0.0561731
0.0571214
0.058052
0.0586747
0.0104018
0.0104009
0.0108959
0.0118921
0.0129298
0.0133488
0.0130585
0.0124767
0.0122426
0.0125684
0.0127807
0.0125454
0.0123311
0.0122619
0.0122143
0.0124526
0.0129409
0.0131701
0.0130646
0.0130923
0.0135086
0.0140024
0.0141488
0.0140696
0.0142298
0.0146884
0.0150718
0.0152
0.0153156
0.0156483
0.0160657
0.0163363
0.0165258
0.0168309
0.0172281
0.0175771
0.0178723
0.0181917
0.0185499
0.0189276
0.0193175
0.0197095
0.0200783
0.0204371
0.0208317
0.0212686
0.021686
0.0220663
0.0224671
0.0229265
0.0233889
0.0238179
0.0242574
0.0247478
0.025256
0.0257291
0.0262096
0.0267242
0.0272539
0.0277641
0.0282899
0.0288277
0.0293827
0.0299446
0.0305256
0.0311185
0.0317258
0.0323357
0.0329606
0.0335843
0.0342223
0.0348875
0.0355514
0.0362318
0.036919
0.0376344
0.0383455
0.0390851
0.03983
0.0406026
0.0413803
0.0421798
0.0430083
0.043834
0.0446922
0.0455637
0.0464517
0.047373
0.0482917
0.0492424
0.0501795
0.0511575
0.0521464
0.0531432
0.0541561
0.0551804
0.0561826
0.0571316
0.0580661
0.0586896
0.0104032
0.0103841
0.0108221
0.0117672
0.0128757
0.0134367
0.0132046
0.0126004
0.0122638
0.0125546
0.0129142
0.0127311
0.0123907
0.0122858
0.0122981
0.0125253
0.0129702
0.0132025
0.0131259
0.013149
0.0135197
0.0140184
0.0142261
0.0141371
0.0142353
0.0147041
0.0151321
0.0152482
0.0153306
0.0156637
0.0160958
0.0163673
0.0165481
0.0168484
0.0172485
0.0176001
0.0178916
0.0182067
0.018564
0.0189417
0.0193303
0.0197207
0.0200883
0.0204445
0.020837
0.0212758
0.0216962
0.0220749
0.0224725
0.022933
0.0233981
0.023825
0.0242606
0.0247523
0.0252627
0.0257333
0.0262114
0.0267269
0.0272572
0.0277666
0.0282928
0.0288318
0.0293871
0.0299484
0.0305289
0.031121
0.031727
0.032337
0.0329625
0.0335856
0.0342245
0.0348905
0.0355535
0.0362336
0.0369213
0.0376373
0.0383485
0.0390883
0.0398331
0.0406057
0.0413833
0.0421834
0.0430118
0.0438369
0.0446954
0.0455667
0.0464543
0.0473756
0.0482937
0.049244
0.0501816
0.0511609
0.0521492
0.0531468
0.0541609
0.0551864
0.0561926
0.0571422
0.0580803
0.0587049
0.0104209
0.0104035
0.0107831
0.0116536
0.0127796
0.0134899
0.0133602
0.0127529
0.0123138
0.0125124
0.012986
0.0129325
0.0125039
0.0123005
0.0123453
0.0126008
0.0130275
0.0132427
0.0131659
0.0132019
0.0135545
0.0140292
0.0142818
0.0142194
0.0142552
0.0147024
0.0151875
0.0153125
0.0153482
0.0156718
0.0161275
0.0164026
0.0165697
0.0168652
0.0172704
0.0176243
0.0179114
0.0182217
0.018578
0.0189567
0.0193443
0.0197325
0.0200988
0.0204527
0.0208428
0.021283
0.0217067
0.0220841
0.0224782
0.0229394
0.0234075
0.0238325
0.0242639
0.0247569
0.0252695
0.0257378
0.0262134
0.0267298
0.0272608
0.0277692
0.0282958
0.0288359
0.0293915
0.0299521
0.0305323
0.0311236
0.0317283
0.0323386
0.0329645
0.033587
0.0342268
0.0348934
0.0355557
0.0362354
0.0369236
0.0376403
0.0383516
0.0390915
0.0398363
0.0406089
0.0413865
0.0421872
0.0430155
0.04384
0.0446987
0.0455699
0.0464571
0.0473784
0.0482958
0.0492456
0.0501838
0.0511644
0.0521522
0.0531504
0.0541662
0.0551925
0.0562028
0.0571532
0.0580946
0.0587208
0.0104307
0.010454
0.0107797
0.0115644
0.0126612
0.0134941
0.0135076
0.0129306
0.012404
0.0124683
0.0129889
0.0131149
0.0126738
0.0123351
0.0123585
0.0126554
0.0131006
0.0133093
0.0132006
0.0132327
0.0136021
0.0140557
0.0143162
0.0142987
0.0142992
0.0146938
0.0152262
0.0153903
0.0153774
0.0156709
0.0161557
0.0164442
0.0165925
0.0168791
0.017293
0.0176511
0.0179322
0.0182364
0.0185916
0.018972
0.0193594
0.0197451
0.0201096
0.0204615
0.0208491
0.0212904
0.0217176
0.0220941
0.0224844
0.0229459
0.0234171
0.0238405
0.0242674
0.0247615
0.0252768
0.0257427
0.0262155
0.0267329
0.0272647
0.0277721
0.028299
0.0288403
0.0293959
0.029956
0.0305358
0.0311263
0.0317298
0.0323403
0.0329667
0.0335885
0.0342292
0.0348965
0.035558
0.0362374
0.0369261
0.0376434
0.0383549
0.0390948
0.0398396
0.0406122
0.0413897
0.0421911
0.0430192
0.0438431
0.0447021
0.0455731
0.0464599
0.0473813
0.048298
0.0492475
0.0501861
0.0511681
0.0521554
0.0531542
0.0541719
0.055199
0.0562132
0.0571648
0.0581091
0.058737
0.0104101
0.0105246
0.0108128
0.011506
0.0125384
0.0134507
0.0136267
0.0131216
0.0125372
0.0124492
0.0129385
0.0132444
0.0128794
0.0124164
0.0123575
0.0126731
0.0131674
0.013406
0.0132534
0.0132373
0.013638
0.0141092
0.0143484
0.0143576
0.0143605
0.0146947
0.0152433
0.0154706
0.0154266
0.0156664
0.0161743
0.0164917
0.0166207
0.0168896
0.017314
0.0176812
0.0179554
0.0182508
0.0186042
0.0189874
0.0193757
0.0197588
0.020121
0.0204709
0.0208559
0.0212978
0.0217286
0.0221045
0.0224908
0.0229522
0.0234268
0.0238491
0.0242711
0.024766
0.0252843
0.0257481
0.0262178
0.026736
0.0272689
0.0277751
0.0283021
0.0288446
0.0294004
0.0299598
0.0305393
0.0311292
0.0317314
0.0323423
0.0329691
0.03359
0.0342315
0.0348995
0.0355605
0.0362396
0.0369286
0.0376466
0.0383582
0.0390983
0.0398431
0.0406157
0.0413932
0.0421951
0.043023
0.0438463
0.0447056
0.0455765
0.0464628
0.0473844
0.0483003
0.0492495
0.0501886
0.0511719
0.0521589
0.0531581
0.054178
0.0552057
0.0562239
0.0571768
0.0581237
0.0587535
0.0103685
0.0105969
0.0108784
0.0114834
0.0124264
0.0133707
0.0137033
0.0133092
0.0127059
0.0124754
0.0128636
0.0133018
0.013088
0.012556
0.012369
0.012657
0.0132051
0.0135172
0.013345
0.0132362
0.0136388
0.0141746
0.014403
0.0143962
0.0144182
0.0147159
0.0152477
0.0155388
0.0154956
0.015668
0.0161797
0.0165404
0.0166576
0.0168983
0.0173305
0.0177134
0.0179827
0.0182658
0.0186155
0.0190024
0.0193931
0.0197739
0.0201333
0.0204808
0.020863
0.0213056
0.0217401
0.0221155
0.0224977
0.0229586
0.0234366
0.0238581
0.024275
0.0247703
0.0252921
0.0257541
0.0262202
0.0267392
0.0272734
0.0277784
0.0283055
0.0288492
0.029405
0.0299635
0.0305429
0.0311322
0.0317332
0.0323445
0.0329716
0.0335917
0.034234
0.0349025
0.035563
0.0362419
0.0369313
0.0376499
0.0383616
0.0391018
0.0398467
0.0406193
0.0413968
0.0421993
0.043027
0.0438497
0.0447092
0.0455799
0.0464657
0.0473877
0.0483027
0.0492516
0.0501914
0.0511757
0.0521627
0.0531622
0.0541845
0.0552128
0.0562348
0.0571894
0.0581385
0.0587704
0.0102594
0.0106433
0.0109652
0.0115004
0.0123388
0.013268
0.013733
0.0134753
0.0128947
0.0125533
0.0127962
0.0132915
0.0132633
0.0127413
0.0124193
0.0126254
0.0131993
0.0136177
0.0134795
0.0132582
0.0136006
0.0142221
0.0144935
0.014439
0.0144542
0.0147506
0.0152572
0.0155879
0.0155738
0.0156855
0.0161744
0.0165835
0.0167047
0.0169088
0.0173409
0.0177454
0.0180144
0.0182828
0.0186253
0.019016
0.0194112
0.0197907
0.0201467
0.0204911
0.0208702
0.0213134
0.021752
0.0221273
0.022505
0.022965
0.0234466
0.0238677
0.0242791
0.0247744
0.0253001
0.0257608
0.0262229
0.0267422
0.027278
0.0277819
0.028309
0.0288538
0.0294097
0.0299674
0.0305466
0.0311353
0.0317353
0.0323469
0.0329743
0.0335936
0.0342366
0.0349056
0.0355657
0.0362444
0.036934
0.0376533
0.0383651
0.0391054
0.0398504
0.040623
0.0414005
0.0422035
0.0430309
0.0438533
0.044713
0.0455835
0.0464688
0.0473911
0.0483051
0.0492538
0.0501944
0.0511796
0.0521667
0.0531663
0.0541914
0.0552203
0.0562458
0.0572024
0.0581534
0.0587875
0.0101232
0.010652
0.0110579
0.011553
0.0122877
0.0131596
0.0137194
0.0136071
0.0130859
0.0126758
0.0127632
0.0132368
0.0133799
0.0129454
0.0125221
0.0126032
0.0131542
0.0136815
0.0136381
0.0133291
0.0135461
0.0142223
0.0146014
0.0145151
0.01447
0.0147757
0.0152834
0.0156275
0.0156471
0.0157213
0.0161671
0.0166154
0.0167596
0.0169255
0.0173455
0.017775
0.0180505
0.0183034
0.0186346
0.0190275
0.0194289
0.0198091
0.0201618
0.0205022
0.0208774
0.0213212
0.0217644
0.0221397
0.0225127
0.0229711
0.0234568
0.0238782
0.0242836
0.0247781
0.0253082
0.0257681
0.0262259
0.0267453
0.0272829
0.0277858
0.0283127
0.0288585
0.0294145
0.0299712
0.0305503
0.0311385
0.0317375
0.0323496
0.0329771
0.0335955
0.0342392
0.0349087
0.0355685
0.0362471
0.0369368
0.0376569
0.0383687
0.0391092
0.0398542
0.0406268
0.0414044
0.042208
0.043035
0.0438569
0.0447168
0.0455872
0.046472
0.0473947
0.0483077
0.0492562
0.0501976
0.0511836
0.0521711
0.0531707
0.0541987
0.0552283
0.0562568
0.0572159
0.0581686
0.0588047
0.00997537
0.0106373
0.0111386
0.0116289
0.0122787
0.013065
0.0136724
0.0136988
0.0132628
0.0128263
0.012777
0.0131661
0.0134316
0.013137
0.0126712
0.0126148
0.0130895
0.013693
0.0137929
0.0134576
0.0135086
0.0141669
0.014691
0.0146391
0.0144939
0.0147706
0.0153163
0.0156754
0.0157091
0.0157664
0.0161673
0.0166354
0.0168164
0.0169514
0.0173454
0.0177995
0.0180902
0.0183285
0.018645
0.0190375
0.0194456
0.0198285
0.0201789
0.0205147
0.0208846
0.0213286
0.0217773
0.0221533
0.0225209
0.0229768
0.0234669
0.0238896
0.0242886
0.0247813
0.0253163
0.0257763
0.0262293
0.0267483
0.0272877
0.0277899
0.0283166
0.0288634
0.0294194
0.0299751
0.0305541
0.0311419
0.0317399
0.0323524
0.0329801
0.0335976
0.0342419
0.0349118
0.0355716
0.03625
0.0369396
0.0376605
0.0383723
0.039113
0.0398582
0.0406307
0.0414084
0.0422126
0.0430391
0.0438608
0.0447207
0.045591
0.0464753
0.0473984
0.0483104
0.0492587
0.0502013
0.0511877
0.0521757
0.0531754
0.0542062
0.0552367
0.056268
0.0572299
0.0581841
0.0588221
0.00982533
0.0105711
0.0111896
0.0117133
0.0123051
0.0130007
0.0136065
0.0137505
0.0134149
0.0129866
0.0128359
0.0131065
0.0134301
0.0132901
0.0128462
0.0126727
0.0130293
0.0136542
0.0139138
0.0136283
0.0135202
0.0140797
0.0147273
0.014791
0.0145603
0.0147385
0.0153286
0.0157418
0.0157708
0.0158085
0.0161779
0.0166502
0.01687
0.0169881
0.0173439
0.0178158
0.0181322
0.0183581
0.0186562
0.0190467
0.0194609
0.0198478
0.0201979
0.0205291
0.0208918
0.0213351
0.0217902
0.022168
0.0225297
0.022982
0.0234768
0.0239021
0.0242942
0.0247838
0.0253242
0.0257854
0.0262333
0.0267513
0.0272928
0.0277943
0.0283207
0.0288683
0.0294244
0.0299789
0.0305578
0.0311454
0.0317426
0.0323556
0.0329833
0.0336
0.0342446
0.0349148
0.0355749
0.0362531
0.0369425
0.0376642
0.0383762
0.039117
0.0398622
0.0406347
0.0414126
0.0422173
0.0430432
0.0438647
0.0447247
0.045595
0.0464788
0.0474022
0.0483133
0.0492612
0.0502052
0.0511918
0.0521806
0.0531804
0.0542139
0.0552455
0.0562793
0.0572441
0.0581998
0.0588397
0.0096884
0.0104895
0.0112315
0.0117952
0.012354
0.0129723
0.0135397
0.0137668
0.0135369
0.0131407
0.0129274
0.013077
0.013396
0.0133936
0.0130233
0.0127729
0.0129965
0.0135833
0.0139799
0.0138115
0.0135958
0.0139962
0.0146978
0.0149318
0.0146889
0.0147127
0.0152965
0.015813
0.0158512
0.0158426
0.0161896
0.0166663
0.0169175
0.0170336
0.0173465
0.0178226
0.0181744
0.0183946
0.018668
0.019055
0.0194757
0.0198661
0.020218
0.0205463
0.0209002
0.0213407
0.0218029
0.0221841
0.0225396
0.0229865
0.0234862
0.0239159
0.024301
0.0247857
0.0253318
0.0257952
0.0262378
0.0267541
0.0272979
0.0277991
0.028325
0.0288735
0.0294298
0.0299828
0.0305616
0.031149
0.0317454
0.0323589
0.0329866
0.0336025
0.0342472
0.0349179
0.0355785
0.0362565
0.0369454
0.037668
0.0383801
0.0391211
0.0398664
0.0406389
0.0414169
0.0422221
0.0430474
0.0438689
0.0447288
0.045599
0.0464825
0.0474061
0.0483164
0.0492639
0.0502095
0.0511959
0.0521857
0.0531857
0.0542218
0.0552549
0.0562907
0.0572586
0.0582158
0.0588573
0.00957137
0.0103952
0.0112217
0.011862
0.0124129
0.0129744
0.013489
0.0137577
0.0136271
0.013279
0.0130349
0.013084
0.0133519
0.0134496
0.0131828
0.0129017
0.013004
0.0135056
0.0139873
0.0139749
0.0137258
0.01395
0.014621
0.0150218
0.01486
0.0147335
0.0152234
0.0158578
0.0159621
0.0158838
0.0161913
0.0166849
0.0169623
0.0170825
0.0173573
0.0178205
0.0182115
0.0184403
0.0186826
0.0190607
0.0194913
0.0198837
0.0202369
0.0205659
0.0209107
0.0213454
0.0218143
0.0222015
0.022551
0.0229902
0.0234945
0.0239306
0.024309
0.0247872
0.0253389
0.025806
0.026243
0.026757
0.0273031
0.0278042
0.0283292
0.0288785
0.0294352
0.0299867
0.0305655
0.031153
0.0317485
0.0323624
0.0329902
0.0336053
0.0342499
0.0349208
0.0355824
0.03626
0.0369483
0.037672
0.038384
0.0391253
0.0398707
0.0406431
0.0414214
0.0422272
0.0430517
0.0438732
0.044733
0.045603
0.0464865
0.0474101
0.0483196
0.0492665
0.0502141
0.0512003
0.0521909
0.0531916
0.0542297
0.0552647
0.0563022
0.0572733
0.058232
0.058875
0.0094784
0.0103042
0.0111917
0.0119071
0.0124728
0.0129959
0.0134618
0.013738
0.0136869
0.0133972
0.0131439
0.013121
0.0133173
0.0134674
0.0133125
0.0130429
0.0130513
0.0134454
0.0139505
0.0140947
0.0138865
0.013961
0.0145323
0.0150437
0.015032
0.014825
0.015144
0.0158449
0.016087
0.0159547
0.0161801
0.0166965
0.0170095
0.0171323
0.0173769
0.0178141
0.0182367
0.0184932
0.018705
0.0190618
0.0195069
0.019904
0.0202538
0.0205859
0.0209245
0.02135
0.021824
0.0222198
0.0225649
0.0229939
0.0235017
0.0239464
0.0243188
0.0247881
0.0253452
0.0258174
0.0262487
0.0267596
0.0273085
0.0278099
0.0283338
0.0288837
0.0294409
0.0299908
0.0305693
0.031157
0.0317517
0.0323659
0.0329939
0.0336083
0.0342525
0.0349238
0.0355866
0.0362638
0.0369512
0.037676
0.0383881
0.0391298
0.0398751
0.0406475
0.0414259
0.0422323
0.043056
0.0438777
0.0447374
0.0456071
0.0464907
0.047414
0.0483231
0.0492694
0.050219
0.0512048
0.0521963
0.0531979
0.0542379
0.0552749
0.056314
0.0572882
0.0582486
0.0588927
0.00941295
0.0102275
0.0111489
0.0119317
0.0125308
0.0130294
0.0134558
0.0137207
0.0137226
0.0134936
0.0132457
0.0131745
0.0133018
0.0134612
0.0134053
0.013181
0.0131273
0.0134156
0.0138906
0.0141585
0.0140481
0.0140264
0.014464
0.0150117
0.0151646
0.0149748
0.0151037
0.0157719
0.0161904
0.0160709
0.0161731
0.0166885
0.0170589
0.0171857
0.017404
0.0178108
0.0182478
0.0185461
0.0187404
0.0190593
0.0195168
0.0199297
0.0202712
0.0206037
0.0209417
0.0213564
0.0218312
0.0222374
0.0225804
0.0229975
0.0235069
0.0239624
0.0243303
0.0247888
0.0253508
0.0258298
0.0262553
0.026762
0.0273138
0.0278162
0.0283384
0.0288885
0.0294467
0.0299949
0.0305732
0.0311613
0.0317553
0.0323695
0.0329978
0.0336118
0.0342551
0.0349267
0.035591
0.0362677
0.0369542
0.0376803
0.0383922
0.0391343
0.0398795
0.040652
0.0414306
0.0422375
0.0430603
0.0438822
0.0447419
0.0456111
0.0464954
0.047418
0.0483268
0.0492725
0.0502242
0.0512097
0.0522016
0.0532047
0.0542461
0.0552854
0.0563262
0.0573031
0.0582653
0.0589105
0.00937537
0.0101711
0.0111047
0.0119361
0.0125751
0.0130662
0.0134649
0.0137124
0.0137424
0.0135675
0.0133361
0.0132328
0.0133045
0.0134464
0.0134625
0.0133049
0.0132212
0.0134199
0.0138322
0.0141724
0.0141851
0.0141297
0.0144356
0.0149554
0.0152357
0.0151426
0.015133
0.0156721
0.0162353
0.0162186
0.0161965
0.0166567
0.0170988
0.0172457
0.0174355
0.0178145
0.0182493
0.0185901
0.0187909
0.0190605
0.0195143
0.0199573
0.0202939
0.0206172
0.0209593
0.0213671
0.0218378
0.0222543
0.0225985
0.0230026
0.0235111
0.0239786
0.0243438
0.0247894
0.0253553
0.0258427
0.0262627
0.026764
0.0273191
0.0278233
0.0283434
0.0288933
0.0294527
0.0299992
0.0305771
0.0311656
0.031759
0.0323732
0.0330017
0.0336155
0.0342576
0.0349297
0.035596
0.0362718
0.0369569
0.0376846
0.0383965
0.0391391
0.0398842
0.0406566
0.0414355
0.0422429
0.0430649
0.0438869
0.0447465
0.045615
0.0465002
0.0474219
0.0483305
0.0492759
0.0502294
0.0512148
0.0522071
0.0532121
0.0542546
0.055296
0.0563387
0.0573181
0.0582821
0.0589284
0.00936156
0.0101378
0.0110697
0.0119276
0.012608
0.0131143
0.013485
0.013715
0.0137564
0.0136222
0.0134137
0.0132898
0.0133184
0.0134334
0.0134912
0.0134054
0.0133215
0.0134524
0.0137932
0.0141538
0.014282
0.0142501
0.0144501
0.0149031
0.0152537
0.0152877
0.0152285
0.015591
0.0162092
0.0163619
0.0162716
0.0166176
0.0171155
0.0173114
0.0174724
0.0178243
0.0182485
0.01862
0.0188508
0.0190774
0.0195007
0.0199791
0.0203275
0.0206309
0.0209718
0.0213807
0.0218454
0.0222686
0.0226169
0.0230086
0.023514
0.0239946
0.0243589
0.0247901
0.0253588
0.0258564
0.0262713
0.0267657
0.027324
0.0278311
0.0283488
0.0288978
0.0294586
0.0300036
0.0305812
0.0311704
0.0317631
0.032377
0.033006
0.0336195
0.0342598
0.0349326
0.0356011
0.0362761
0.0369597
0.0376891
0.0384007
0.0391438
0.0398888
0.0406612
0.0414406
0.0422482
0.0430696
0.0438916
0.0447516
0.0456191
0.0465056
0.0474261
0.0483343
0.0492796
0.0502345
0.0512202
0.0522124
0.0532198
0.0542632
0.0553067
0.0563515
0.0573333
0.0582989
0.0589462
0.00936392
0.0101242
0.011049
0.0119161
0.0126238
0.0131445
0.013506
0.0137234
0.0137701
0.0136638
0.0134792
0.013344
0.0133376
0.0134249
0.0135015
0.0134778
0.0134177
0.0135032
0.0137788
0.0141236
0.0143357
0.0143663
0.0144994
0.0148733
0.0152435
0.0153865
0.0153575
0.0155648
0.0161359
0.0164604
0.0163923
0.016598
0.0171023
0.0173735
0.0175189
0.0178377
0.0182498
0.0186358
0.0189071
0.0191138
0.0194845
0.0199837
0.0203683
0.0206535
0.0209774
0.0213926
0.0218571
0.0222825
0.0226349
0.0230159
0.0235166
0.0240104
0.0243758
0.0247911
0.0253611
0.0258708
0.026281
0.0267668
0.0273284
0.0278396
0.0283548
0.0289023
0.0294645
0.0300081
0.0305853
0.0311752
0.0317674
0.0323807
0.0330103
0.0336239
0.034262
0.0349358
0.0356068
0.0362806
0.0369624
0.0376937
0.0384052
0.0391489
0.0398936
0.0406657
0.0414458
0.0422535
0.0430746
0.0438963
0.0447566
0.045623
0.0465109
0.0474302
0.048338
0.049284
0.0502398
0.0512261
0.0522182
0.0532279
0.0542723
0.0553173
0.0563647
0.0573484
0.0583156
0.0589639
0.0093766
0.0101265
0.0110428
0.0119107
0.0126305
0.0131675
0.0135251
0.0137326
0.0137828
0.0136958
0.013533
0.0133935
0.0133588
0.0134195
0.0135018
0.0135242
0.0135004
0.0135636
0.0137859
0.0140985
0.0143559
0.0144607
0.0145696
0.0148686
0.0152261
0.01544
0.0154822
0.0156005
0.0160563
0.0164931
0.016527
0.0166205
0.0170702
0.0174176
0.017575
0.0178559
0.0182536
0.0186447
0.0189525
0.0191656
0.0194805
0.0199699
0.0204048
0.0206938
0.0209841
0.0213964
0.0218719
0.0222996
0.0226518
0.0230232
0.0235183
0.0240255
0.0243945
0.0247921
0.0253613
0.0258855
0.0262928
0.0267682
0.0273322
0.0278486
0.0283613
0.0289067
0.0294703
0.0300125
0.0305894
0.0311806
0.031772
0.0323844
0.0330148
0.0336286
0.0342636
0.0349388
0.0356129
0.0362853
0.036965
0.0376984
0.0384099
0.039154
0.0398986
0.0406704
0.0414514
0.0422585
0.0430796
0.0439009
0.0447617
0.0456272
0.0465165
0.0474346
0.0483415
0.0492888
0.0502449
0.051232
0.0522241
0.0532361
0.0542818
0.055328
0.0563781
0.0573638
0.0583322
0.0589815
0.00939588
0.0101418
0.0110498
0.0119142
0.0126353
0.0131812
0.0135402
0.01374
0.0137923
0.0137183
0.0135735
0.013435
0.0133794
0.0134156
0.0134952
0.01355
0.0135635
0.0136241
0.0138076
0.0140861
0.0143577
0.0145257
0.0146468
0.0148866
0.0152155
0.0154661
0.0155793
0.0156774
0.0160094
0.0164728
0.0166417
0.0166886
0.0170427
0.017437
0.0176347
0.0178836
0.0182596
0.0186518
0.018986
0.0192204
0.0194955
0.0199467
0.0204206
0.0207454
0.0210023
0.021389
0.0218817
0.0223227
0.0226703
0.0230298
0.0235197
0.0240408
0.0244162
0.0247943
0.0253592
0.0258997
0.0263062
0.0267694
0.0273346
0.0278576
0.0283686
0.0289114
0.0294761
0.0300171
0.0305933
0.0311861
0.031777
0.0323879
0.0330193
0.0336338
0.0342651
0.034942
0.0356193
0.03629
0.0369676
0.0377029
0.0384146
0.0391591
0.0399037
0.0406749
0.0414573
0.0422638
0.0430852
0.043906
0.044767
0.0456317
0.0465222
0.0474392
0.048345
0.0492941
0.0502501
0.0512379
0.0522303
0.0532443
0.0542913
0.0553385
0.0563916
0.0573792
0.0583485
0.058999
0.00941877
0.0101657
0.0110675
0.0119257
0.0126427
0.0131881
0.0135482
0.0137421
0.0137956
0.0137309
0.0135997
0.0134658
0.0133964
0.0134129
0.0134835
0.0135605
0.0136084
0.0136792
0.0138396
0.0140873
0.014356
0.0145647
0.0147177
0.0149229
0.015216
0.0154811
0.0156432
0.0157634
0.0160072
0.0164278
0.0167101
0.0167805
0.0170378
0.0174362
0.0176859
0.0179206
0.0182685
0.0186567
0.0190114
0.0192702
0.019527
0.0199309
0.0204142
0.0207941
0.0210427
0.0213803
0.0218771
0.0223482
0.022695
0.0230349
0.0235172
0.0240546
0.0244407
0.0247984
0.0253544
0.0259131
0.0263228
0.0267722
0.0273365
0.0278667
0.0283763
0.028916
0.0294818
0.0300221
0.0305969
0.0311917
0.0317824
0.0323913
0.0330238
0.0336393
0.0342664
0.0349452
0.0356263
0.0362947
0.0369702
0.0377074
0.0384199
0.0391641
0.039909
0.0406794
0.0414631
0.0422686
0.0430903
0.0439107
0.0447718
0.0456365
0.0465277
0.047444
0.0483486
0.0492999
0.0502556
0.0512439
0.0522373
0.0532528
0.0543014
0.0553493
0.056405
0.0573946
0.0583646
0.059016
0.00944437
0.0101954
0.0110937
0.0119442
0.0126534
0.0131912
0.0135479
0.0137364
0.0137896
0.0137318
0.0136109
0.0134839
0.0134061
0.0134081
0.0134678
0.0135575
0.0136374
0.0137249
0.0138754
0.0140982
0.0143575
0.0145869
0.0147716
0.0149672
0.0152255
0.015492
0.0156837
0.0158356
0.0160399
0.0163897
0.016733
0.0168717
0.0170628
0.0174301
0.0177239
0.0179628
0.0182849
0.0186611
0.0190314
0.0193142
0.0195659
0.0199309
0.0203963
0.0208237
0.0211
0.0213867
0.0218572
0.0223665
0.0227308
0.0230446
0.0235092
0.0240649
0.024469
0.0248053
0.0253454
0.0259232
0.0263408
0.0267762
0.0273371
0.0278752
0.0283846
0.028921
0.0294879
0.0300275
0.0306004
0.0311974
0.0317883
0.0323947
0.0330286
0.0336452
0.0342675
0.0349482
0.0356335
0.0362995
0.036973
0.0377118
0.0384254
0.0391694
0.0399145
0.0406841
0.0414692
0.0422739
0.043096
0.0439161
0.0447768
0.0456418
0.0465332
0.0474487
0.048352
0.0493056
0.050261
0.0512496
0.0522444
0.0532612
0.0543114
0.0553602
0.0564186
0.0574103
0.0583807
0.0590331
0.00947367
0.0102292
0.0111256
0.0119673
0.0126651
0.0131905
0.0135387
0.013721
0.0137703
0.0137179
0.0136061
0.0134866
0.0134047
0.0133967
0.0134494
0.0135444
0.0136514
0.0137595
0.0139098
0.014116
0.0143639
0.0146023
0.0148084
0.0150108
0.0152443
0.0155032
0.0157141
0.0158893
0.0160875
0.0163754
0.0167266
0.0169403
0.0171087
0.0174296
0.0177484
0.0180021
0.0183075
0.0186673
0.0190445
0.0193524
0.0196068
0.0199443
0.0203819
0.0208305
0.0211563
0.021419
0.021833
0.0223653
0.0227728
0.0230675
0.0234974
0.0240681
0.0245021
0.0248195
0.0253345
0.0259297
0.0263613
0.026783
0.0273367
0.0278826
0.0283925
0.0289252
0.0294935
0.0300334
0.0306033
0.0312025
0.0317943
0.0323975
0.0330332
0.0336513
0.0342689
0.0349514
0.0356409
0.0363043
0.0369759
0.0377158
0.0384309
0.0391741
0.0399196
0.0406889
0.0414752
0.042279
0.0431011
0.0439213
0.0447813
0.0456471
0.0465385
0.0474534
0.0483559
0.0493119
0.0502667
0.0512551
0.0522519
0.0532695
0.0543211
0.0553708
0.0564314
0.0574253
0.058396
0.0590491
0.00951293
0.0102681
0.0111627
0.0119953
0.0126786
0.0131842
0.0135127
0.0136823
0.0137275
0.0136846
0.0135811
0.0134687
0.0133877
0.0133747
0.0134269
0.0135268
0.0136547
0.013786
0.0139436
0.0141414
0.0143771
0.0146174
0.0148339
0.0150462
0.0152687
0.015515
0.0157388
0.0159284
0.0161319
0.0163834
0.0167111
0.0169809
0.0171642
0.017443
0.0177661
0.0180366
0.0183335
0.0186784
0.0190513
0.0193816
0.019647
0.0199634
0.0203763
0.0208241
0.0211952
0.0214714
0.0218222
0.0223404
0.0228075
0.0231072
0.0234853
0.0240577
0.024535
0.0248418
0.025322
0.0259308
0.0263841
0.0267943
0.027337
0.0278902
0.0284019
0.0289301
0.0295002
0.0300409
0.0306069
0.0312079
0.0318013
0.0324007
0.0330383
0.0336578
0.0342702
0.0349542
0.035648
0.0363092
0.0369794
0.0377198
0.0384369
0.0391798
0.0399253
0.0406944
0.0414814
0.0422844
0.0431067
0.0439273
0.0447864
0.0456533
0.0465442
0.0474583
0.0483601
0.0493182
0.0502728
0.0512609
0.0522602
0.0532785
0.0543313
0.0553823
0.0564452
0.0574411
0.0584119
0.0590657
0.00956926
0.0103127
0.0112012
0.0120258
0.0126968
0.0131835
0.013488
0.0136344
0.0136619
0.0136158
0.0135183
0.0134179
0.0133446
0.0133346
0.0133918
0.0134988
0.0136434
0.0137992
0.0139707
0.0141673
0.0143922
0.01463
0.0148505
0.0150692
0.0152908
0.0155259
0.0157577
0.0159586
0.016167
0.0164029
0.0166997
0.0169973
0.0172157
0.0174691
0.0177814
0.0180656
0.0183595
0.0186942
0.0190573
0.0194019
0.0196876
0.0199872
0.0203765
0.0208157
0.0212121
0.0215258
0.0218366
0.0223034
0.0228211
0.0231635
0.0234843
0.0240329
0.024563
0.0248731
0.0253083
0.0259219
0.0264041
0.0268072
0.0273346
0.0278938
0.0284094
0.0289325
0.029505
0.0300482
0.0306094
0.0312117
0.0318073
0.0324026
0.033043
0.0336645
0.0342717
0.034957
0.0356547
0.0363142
0.0369829
0.0377236
0.038442
0.0391841
0.0399296
0.0406996
0.0414869
0.0422894
0.0431115
0.0439324
0.0447905
0.0456585
0.046549
0.0474622
0.0483643
0.0493239
0.0502779
0.0512656
0.0522677
0.0532866
0.0543401
0.0553926
0.0564572
0.0574553
0.0584264
0.0590806
0.00965011
0.0103625
0.0112215
0.0120177
0.0126605
0.0131264
0.0134163
0.0135562
0.0135797
0.0135308
0.0134464
0.013344
0.0132844
0.0132877
0.0133595
0.0134802
0.0136401
0.0138172
0.0140049
0.0142047
0.0144192
0.0146489
0.0148682
0.015088
0.0153123
0.0155418
0.0157766
0.015987
0.0161985
0.0164291
0.0167014
0.0170033
0.0172589
0.0175078
0.0178012
0.0180934
0.0183867
0.0187134
0.0190677
0.0194162
0.0197269
0.020021
0.0203833
0.0208148
0.0212203
0.0215704
0.0218787
0.0222764
0.0228064
0.0232256
0.0235077
0.0239995
0.0245826
0.0249198
0.0253044
0.0259089
0.0264266
0.0268294
0.0273367
0.027899
0.0284198
0.0289367
0.0295112
0.0300582
0.0306143
0.0312165
0.0318144
0.0324055
0.0330481
0.0336716
0.0342739
0.0349595
0.0356608
0.0363197
0.0369873
0.0377272
0.038449
0.0391898
0.0399352
0.0407063
0.0414931
0.0422948
0.0431172
0.0439387
0.0447963
0.0456653
0.046555
0.0474669
0.0483699
0.0493309
0.0502844
0.0512719
0.0522768
0.0532962
0.0543499
0.0554042
0.0564708
0.0574704
0.0584416
0.0590963
0.0098131
0.010492
0.0113017
0.0120366
0.0126123
0.0130148
0.0132461
0.0133392
0.013335
0.013297
0.0132416
0.0131999
0.0131793
0.0132089
0.0133081
0.0134527
0.0136296
0.0138223
0.0140213
0.0142257
0.0144313
0.0146511
0.0148673
0.015086
0.0153135
0.0155432
0.0157813
0.0160006
0.0162176
0.0164477
0.0167044
0.0169997
0.0172813
0.0175427
0.0178209
0.0181134
0.0184091
0.0187264
0.0190751
0.0194216
0.0197504
0.0200552
0.0203895
0.0208087
0.0212213
0.0215899
0.0219254
0.0222732
0.0227643
0.023265
0.0235543
0.0239614
0.0245749
0.0249679
0.0253057
0.0258818
0.0264383
0.0268519
0.027337
0.0278991
0.0284271
0.0289382
0.0295144
0.0300669
0.0306186
0.0312192
0.031819
0.0324069
0.0330525
0.0336785
0.0342766
0.0349615
0.0356652
0.0363255
0.0369918
0.0377303
0.038448
0.0391933
0.0399387
0.0407124
0.0414988
0.0422993
0.0431221
0.0439439
0.0448007
0.0456704
0.0465596
0.0474701
0.0483744
0.0493361
0.0502886
0.0512764
0.052284
0.0533042
0.0543581
0.0554142
0.0564824
0.0574835
0.0584552
0.0591102
0.00999647
0.01064
0.011407
0.0120904
0.012608
0.0129527
0.0131317
0.0131917
0.0131646
0.0130987
0.0130463
0.0130378
0.013075
0.0131535
0.0132823
0.0134453
0.0136315
0.0138318
0.0140336
0.0142419
0.0144437
0.0146552
0.0148694
0.0150865
0.0153165
0.0155485
0.0157903
0.0160184
0.0162426
0.0164746
0.0167211
0.0170061
0.017298
0.0175751
0.0178503
0.0181365
0.0184352
0.0187448
0.0190869
0.0194356
0.0197711
0.0200959
0.0204143
0.0208067
0.0212291
0.0216008
0.0219634
0.0223058
0.0227286
0.0232723
0.0236235
0.0239515
0.0245483
0.0250185
0.0253317
0.0258555
0.0264443
0.0268806
0.0273436
0.0279
0.0284358
0.028941
0.0295172
0.0300769
0.0306259
0.0312239
0.0318244
0.0324092
0.0330565
0.0336868
0.0342823
0.0349635
0.0356681
0.0363325
0.0369976
0.0377326
0.0384553
0.0391991
0.0399434
0.0407191
0.0415047
0.0423035
0.0431271
0.0439498
0.0448067
0.0456767
0.0465648
0.0474746
0.0483806
0.0493432
0.0502946
0.0512827
0.0522926
0.0533131
0.0543668
0.0554248
0.0564949
0.0574969
0.0584689
0.0591245
0.0101784
0.0106172
0.0111615
0.0116545
0.0120371
0.0123233
0.0125246
0.012655
0.012758
0.0128372
0.0128549
0.0129009
0.0130129
0.0131529
0.013306
0.0134742
0.0136514
0.0138442
0.0140385
0.0142432
0.014443
0.0146471
0.0148598
0.0150749
0.0153072
0.0155426
0.0157876
0.016026
0.0162584
0.0164953
0.0167377
0.017014
0.0173071
0.0175938
0.0178772
0.018158
0.0184544
0.0187606
0.0190905
0.0194442
0.0197812
0.0201193
0.0204429
0.0208031
0.0212304
0.0216091
0.0219775
0.0223485
0.0227168
0.023243
0.0236767
0.0239696
0.0245043
0.0250445
0.0253716
0.0258311
0.0264365
0.0269085
0.027355
0.0279007
0.0284444
0.0289456
0.0295186
0.0300853
0.0306342
0.0312281
0.0318282
0.0324102
0.0330583
0.0336945
0.0342893
0.0349644
0.0356681
0.0363391
0.0370039
0.037734
0.0384593
0.0392042
0.0399482
0.0407268
0.0415116
0.0423088
0.0431328
0.0439555
0.0448123
0.0456824
0.0465694
0.047478
0.048386
0.0493486
0.0502983
0.0512878
0.0523004
0.0533216
0.0543751
0.0554347
0.0565065
0.0575093
0.0584818
0.0591376
0.0118302
0.0117102
0.0114983
0.0113369
0.0112812
0.0113371
0.0114876
0.0116996
0.011929
0.0121758
0.0125084
0.0128115
0.0130306
0.0131928
0.0133388
0.0134979
0.0136608
0.0138358
0.0140168
0.0142146
0.0144194
0.0146238
0.0148398
0.0150568
0.0152917
0.0155323
0.0157787
0.0160272
0.0162671
0.01651
0.0167533
0.0170221
0.0173135
0.0176036
0.0178976
0.0181797
0.0184712
0.0187785
0.0190976
0.0194533
0.0197962
0.0201369
0.0204743
0.0208101
0.0212231
0.0216166
0.0219798
0.0223792
0.0227346
0.0232052
0.0237005
0.0240146
0.0244697
0.0250462
0.0254202
0.0258196
0.0264159
0.0269278
0.027367
0.0278972
0.0284474
0.0289485
0.0295164
0.0300897
0.0306425
0.031233
0.0318328
0.0324121
0.0330573
0.0337016
0.0342998
0.0349647
0.035666
0.0363481
0.0370129
0.0377361
0.0384636
0.0392087
0.0399515
0.0407322
0.0415156
0.0423107
0.0431365
0.04396
0.0448167
0.0456873
0.0465729
0.0474814
0.0483915
0.0493545
0.0503027
0.0512928
0.0523076
0.0533284
0.0543817
0.0554432
0.0565168
0.0575205
0.0584932
0.0591497
0.0116705
0.0113298
0.0109216
0.0106373
0.0105365
0.0106159
0.0108607
0.0112415
0.0116948
0.0121251
0.0124825
0.0127621
0.0129965
0.0131992
0.0133729
0.0135365
0.0136968
0.0138639
0.014041
0.0142283
0.0144299
0.0146322
0.0148445
0.0150612
0.0152903
0.0155318
0.0157742
0.0160275
0.0162734
0.0165217
0.0167733
0.0170358
0.0173266
0.0176173
0.0179172
0.0182038
0.0184892
0.0187983
0.0191088
0.0194601
0.0198112
0.0201504
0.0205011
0.0208306
0.0212174
0.0216258
0.0219902
0.0223997
0.0227742
0.0231869
0.0236934
0.0240677
0.02446
0.0250259
0.0254676
0.0258338
0.0263955
0.0269444
0.0273914
0.0279024
0.0284563
0.0289592
0.0295178
0.0300951
0.0306524
0.031239
0.0318391
0.0324148
0.0330528
0.0337073
0.0343147
0.0349642
0.0356585
0.0363554
0.0370218
0.0377361
0.0384672
0.0392152
0.0399583
0.0407426
0.0415242
0.0423166
0.043144
0.0439679
0.0448235
0.0456936
0.0465784
0.0474859
0.0483973
0.0493601
0.0503064
0.0512987
0.0523156
0.0533371
0.0543901
0.0554529
0.056528
0.0575317
0.058505
0.0591618
0.0124215
0.0120872
0.011595
0.0111765
0.0109221
0.0108339
0.0108958
0.0110715
0.011333
0.0116577
0.011998
0.0123321
0.0126445
0.0129338
0.0131895
0.0134136
0.0136218
0.0138233
0.014024
0.0142223
0.0144262
0.0146334
0.0148424
0.0150591
0.0152798
0.0155161
0.0157546
0.0160046
0.0162565
0.0165094
0.0167763
0.0170394
0.0173297
0.0176234
0.0179204
0.0182143
0.0184971
0.0188096
0.0191195
0.0194612
0.0198202
0.020157
0.0205131
0.0208486
0.0212082
0.0216192
0.0219937
0.0223995
0.0228029
0.0231858
0.0236622
0.0240993
0.0244745
0.0249898
0.0254887
0.025861
0.0263672
0.0269373
0.0274082
0.0278971
0.0284555
0.0289661
0.0295109
0.0300955
0.0306597
0.0312408
0.0318477
0.0324193
0.033043
0.0337115
0.0343331
0.034965
0.0356519
0.0363648
0.037033
0.0377364
0.0384681
0.0392181
0.0399604
0.0407473
0.0415264
0.042316
0.043146
0.0439717
0.0448264
0.0456961
0.0465805
0.0474887
0.0484018
0.0493643
0.0503094
0.0513024
0.0523209
0.0533416
0.0543946
0.0554592
0.0565359
0.0575401
0.0585138
0.0591711
0.0104574
0.0107207
0.0111015
0.0114272
0.0116414
0.0117613
0.0118288
0.0118513
0.0118485
0.011887
0.0120182
0.0122321
0.0124989
0.0127925
0.0130869
0.0133633
0.0136178
0.0138526
0.0140675
0.0142705
0.0144689
0.0146727
0.0148768
0.0150871
0.0152995
0.0155219
0.0157555
0.0159958
0.0162499
0.016508
0.016785
0.0170592
0.0173453
0.0176427
0.0179302
0.0182261
0.0185141
0.0188228
0.0191409
0.0194692
0.0198303
0.0201702
0.0205211
0.0208735
0.0212151
0.0216172
0.0220064
0.0224034
0.0228264
0.0232074
0.0236404
0.0241081
0.0245092
0.0249711
0.0254868
0.0259072
0.0263643
0.0269245
0.0274377
0.0279045
0.0284582
0.0289865
0.0295076
0.0300951
0.030673
0.031239
0.0318566
0.032431
0.0330289
0.0337115
0.0343567
0.0349639
0.0356379
0.0363712
0.0370445
0.0377375
0.0384713
0.0392247
0.0399685
0.0407596
0.0415364
0.0423224
0.0431539
0.0439806
0.044834
0.0457021
0.0465854
0.0474931
0.0484075
0.0493691
0.0503126
0.0513079
0.052328
0.0533493
0.0544018
0.0554675
0.0565456
0.0575496
0.0585238
0.0591816
0.0124997
0.0121287
0.0116093
0.0111174
0.0107385
0.0105054
0.0104271
0.0105417
0.0108429
0.0112364
0.0116335
0.0120199
0.0123924
0.0127431
0.0130589
0.0133425
0.0135955
0.0138265
0.0140412
0.0142457
0.0144462
0.0146504
0.0148594
0.0150707
0.0152855
0.0155042
0.0157367
0.0159761
0.0162295
0.0164966
0.0167764
0.0170639
0.0173503
0.0176462
0.0179306
0.0182206
0.0185211
0.0188246
0.0191505
0.0194769
0.0198295
0.0201799
0.0205192
0.0208828
0.0212227
0.0216072
0.022011
0.0224019
0.0228309
0.023226
0.0236323
0.0240986
0.0245314
0.0249721
0.025465
0.0259291
0.0263759
0.0268977
0.0274473
0.0279126
0.028446
0.0290007
0.0295071
0.0300854
0.0306858
0.031237
0.0318568
0.0324486
0.0330182
0.0337011
0.0343802
0.0349713
0.0356222
0.0363755
0.0370567
0.0377375
0.0384711
0.039226
0.039968
0.0407626
0.0415384
0.0423208
0.0431542
0.043983
0.0448361
0.0457037
0.0465866
0.0474945
0.0484105
0.0493723
0.0503142
0.0513097
0.0523311
0.0533519
0.054404
0.055471
0.0565504
0.0575548
0.0585296
0.0591876
0.0119759
0.0114432
0.0108107
0.0102929
0.00998647
0.00989583
0.0100261
0.0103317
0.0107368
0.0111804
0.0116267
0.0120589
0.012458
0.012816
0.0131298
0.0134035
0.0136425
0.0138578
0.0140609
0.0142586
0.0144562
0.0146567
0.0148634
0.0150726
0.0152855
0.015503
0.0157315
0.0159714
0.0162231
0.0164935
0.0167745
0.0170652
0.0173562
0.0176478
0.0179334
0.0182185
0.0185228
0.0188276
0.0191511
0.0194829
0.0198284
0.0201834
0.020522
0.0208835
0.0212311
0.0216057
0.022012
0.0224043
0.0228268
0.0232308
0.0236315
0.0240891
0.0245345
0.0249807
0.0254585
0.0259327
0.0263947
0.0268948
0.0274488
0.0279276
0.0284451
0.0290067
0.0295162
0.0300806
0.0306912
0.0312419
0.0318548
0.0324592
0.0330208
0.0336904
0.0343888
0.0349843
0.0356149
0.036372
0.0370656
0.0377419
0.0384744
0.0392341
0.039976
0.040773
0.0415501
0.0423297
0.0431622
0.0439913
0.0448437
0.0457097
0.046592
0.0474984
0.0484143
0.0493765
0.0503175
0.0513141
0.0523361
0.0533584
0.05441
0.0554771
0.0565571
0.0575615
0.0585372
0.0591968
)
;

boundaryField
{
    zeroGradientPlanes
    {
        type            zeroGradient;
    }
    inlet
    {
        type            zeroGradient;
    }
    plate
    {
        type            zeroGradient;
    }
    frontAndBack
    {
        type            empty;
    }
}


// ************************************************************************* //
